id,attr_time,attr_light
1,1435993159413,136.0
2,1435993159433,136.0
3,1435993159454,136.0
4,1435993159480,136.0
5,1435993159536,136.0
6,1435993159537,136.0
7,1435993159538,136.0
8,1435993159557,136.0
9,1435993159575,136.0
10,1435993159589,136.0
11,1435993159609,136.0
12,1435993159631,136.0
13,1435993159649,136.0
14,1435993159669,136.0
15,1435993159695,136.0
16,1435993159713,136.0
17,1435993159732,136.0
18,1435993159754,136.0
19,1435993159773,136.0
20,1435993159794,136.0
21,1435993159815,136.0
22,1435993159832,136.0
23,1435993159851,136.0
24,1435993159879,136.0
25,1435993159894,136.0
26,1435993159914,136.0
27,1435993159935,136.0
28,1435993159955,136.0
29,1435993159973,136.0
30,1435993159993,136.0
31,1435993160014,136.0
32,1435993160033,136.0
33,1435993160059,136.0
34,1435993160075,136.0
35,1435993160094,137.0
36,1435993160114,137.0
37,1435993160135,136.0
38,1435993160179,136.0
39,1435993160195,136.0
40,1435993160196,137.0
41,1435993160209,137.0
42,1435993160233,136.0
43,1435993160251,136.0
44,1435993160275,136.0
45,1435993160293,136.0
46,1435993160313,136.0
47,1435993160332,136.0
48,1435993160356,136.0
49,1435993160375,136.0
50,1435993160391,136.0
51,1435993160416,136.0
52,1435993160435,136.0
53,1435993160454,136.0
54,1435993160476,136.0
55,1435993160495,137.0
56,1435993160514,137.0
57,1435993160536,136.0
58,1435993160551,136.0
59,1435993160575,136.0
60,1435993160597,136.0
61,1435993160612,137.0
62,1435993160632,136.0
63,1435993160653,136.0
64,1435993160671,136.0
65,1435993160691,136.0
66,1435993160714,136.0
67,1435993160732,136.0
68,1435993160758,136.0
69,1435993160807,136.0
70,1435993160808,136.0
71,1435993160813,136.0
72,1435993160840,137.0
73,1435993160850,136.0
74,1435993160870,136.0
75,1435993160895,137.0
76,1435993160912,137.0
77,1435993160933,137.0
78,1435993160954,137.0
79,1435993160975,136.0
80,1435993160993,136.0
81,1435993161017,137.0
82,1435993161038,137.0
83,1435993161054,137.0
84,1435993161078,136.0
85,1435993161099,136.0
86,1435993161114,137.0
87,1435993161135,137.0
88,1435993161152,136.0
89,1435993161177,136.0
90,1435993161197,136.0
91,1435993161219,136.0
92,1435993161239,136.0
93,1435993161259,136.0
94,1435993161276,136.0
95,1435993161294,136.0
96,1435993161316,136.0
97,1435993161332,136.0
98,1435993161357,136.0
99,1435993161379,136.0
100,1435993161398,136.0
101,1435993161414,136.0
102,1435993161439,136.0
103,1435993161487,136.0
104,1435993161488,136.0
105,1435993161496,136.0
106,1435993161511,136.0
107,1435993161530,136.0
108,1435993161553,136.0
109,1435993161575,136.0
110,1435993161595,136.0
111,1435993161614,136.0
112,1435993161632,136.0
113,1435993161652,136.0
114,1435993161675,136.0
115,1435993161692,136.0
116,1435993161715,136.0
117,1435993161737,136.0
118,1435993161755,136.0
119,1435993161775,136.0
120,1435993161796,136.0
121,1435993161818,136.0
122,1435993161834,136.0
123,1435993161858,136.0
124,1435993161875,136.0
125,1435993161903,137.0
126,1435993161916,137.0
127,1435993161931,137.0
128,1435993161951,137.0
129,1435993161976,137.0
130,1435993161995,137.0
131,1435993162014,137.0
132,1435993162036,136.0
133,1435993162055,136.0
134,1435993162075,136.0
135,1435993162141,136.0
136,1435993162142,137.0
137,1435993162143,137.0
138,1435993162153,136.0
139,1435993162171,136.0
140,1435993162192,136.0
141,1435993162214,136.0
142,1435993162232,136.0
143,1435993162254,136.0
144,1435993162275,136.0
145,1435993162294,137.0
146,1435993162315,137.0
147,1435993162338,136.0
148,1435993162353,136.0
149,1435993162376,137.0
150,1435993162398,137.0
151,1435993162416,136.0
152,1435993162437,136.0
153,1435993162458,136.0
154,1435993162476,136.0
155,1435993162494,136.0
156,1435993162516,136.0
157,1435993162533,136.0
158,1435993162558,136.0
159,1435993162581,136.0
160,1435993162596,136.0
161,1435993162616,136.0
162,1435993162636,136.0
163,1435993162653,136.0
164,1435993162673,136.0
165,1435993162703,136.0
166,1435993162749,136.0
167,1435993162750,136.0
168,1435993162754,136.0
169,1435993162777,136.0
170,1435993162796,136.0
171,1435993162816,136.0
172,1435993162836,136.0
173,1435993162855,136.0
174,1435993162876,136.0
175,1435993162897,136.0
176,1435993162917,136.0
177,1435993162938,136.0
178,1435993162957,136.0
179,1435993162976,136.0
180,1435993162999,136.0
181,1435993163016,136.0
182,1435993163036,136.0
183,1435993163059,136.0
184,1435993163076,136.0
185,1435993163100,136.0
186,1435993163117,136.0
187,1435993163134,136.0
188,1435993163154,136.0
189,1435993163176,136.0
190,1435993163197,136.0
191,1435993163214,136.0
192,1435993163246,136.0
193,1435993163254,136.0
194,1435993163276,136.0
195,1435993163299,136.0
196,1435993163315,136.0
197,1435993163335,136.0
198,1435993163358,136.0
199,1435993163375,136.0
200,1435993163418,136.0
201,1435993163419,136.0
202,1435993163433,136.0
203,1435993163454,136.0
204,1435993163475,136.0
205,1435993163496,136.0
206,1435993163515,136.0
207,1435993163535,136.0
208,1435993163555,136.0
209,1435993163577,136.0
210,1435993163598,136.0
211,1435993163615,136.0
212,1435993163635,136.0
213,1435993163657,135.0
214,1435993163674,135.0
215,1435993163694,135.0
216,1435993163720,135.0
217,1435993163737,134.0
218,1435993163757,134.0
219,1435993163777,134.0
220,1435993163794,135.0
221,1435993163817,135.0
222,1435993163837,136.0
223,1435993163855,136.0
224,1435993163875,136.0
225,1435993163902,136.0
226,1435993163918,137.0
227,1435993163937,137.0
228,1435993163960,137.0
229,1435993163976,138.0
230,1435993163996,138.0
231,1435993164018,138.0
232,1435993164036,138.0
233,1435993164055,138.0
234,1435993164125,138.0
235,1435993164126,138.0
236,1435993164127,138.0
237,1435993164140,137.0
238,1435993164153,137.0
239,1435993164174,136.0
240,1435993164196,135.0
241,1435993164215,135.0
242,1435993164237,134.0
243,1435993164258,134.0
244,1435993164277,135.0
245,1435993164297,135.0
246,1435993164319,141.0
247,1435993164386,141.0
248,1435993164387,151.0
249,1435993164388,151.0
250,1435993164412,162.0
251,1435993164415,172.0
252,1435993164443,172.0
253,1435993164453,174.0
254,1435993164473,174.0
255,1435993164494,169.0
256,1435993164515,169.0
257,1435993164535,160.0
258,1435993164558,160.0
259,1435993164578,152.0
260,1435993164606,152.0
261,1435993164624,144.0
262,1435993164635,139.0
263,1435993164655,139.0
264,1435993164678,134.0
265,1435993164736,134.0
266,1435993164737,131.0
267,1435993164738,131.0
268,1435993164754,128.0
269,1435993164778,128.0
270,1435993164796,126.0
271,1435993164816,126.0
272,1435993164836,122.0
273,1435993164858,118.0
274,1435993164878,118.0
275,1435993164898,112.0
276,1435993164919,112.0
277,1435993164937,105.0
278,1435993164958,105.0
279,1435993164979,104.0
280,1435993164998,104.0
281,1435993165018,105.0
282,1435993165039,105.0
283,1435993165057,98.0
284,1435993165078,92.0
285,1435993165104,92.0
286,1435993165119,92.0
287,1435993165136,92.0
288,1435993165156,98.0
289,1435993165176,98.0
290,1435993165201,110.0
291,1435993165223,110.0
292,1435993165237,124.0
293,1435993165258,124.0
294,1435993165277,143.0
295,1435993165300,178.0
296,1435993165318,178.0
297,1435993165386,222.0
298,1435993165387,222.0
299,1435993165388,256.0
300,1435993165399,256.0
301,1435993165418,265.0
302,1435993165437,265.0
303,1435993165458,250.0
304,1435993165475,250.0
305,1435993165495,232.0
306,1435993165518,213.0
307,1435993165537,213.0
308,1435993165559,198.0
309,1435993165577,198.0
310,1435993165603,191.0
311,1435993165618,191.0
312,1435993165637,180.0
313,1435993165656,180.0
314,1435993165676,167.0
315,1435993165697,167.0
316,1435993165720,154.0
317,1435993165739,143.0
318,1435993165761,143.0
319,1435993165779,144.0
320,1435993165799,144.0
321,1435993165819,166.0
322,1435993165838,166.0
323,1435993165860,175.0
324,1435993165881,175.0
325,1435993165901,162.0
326,1435993165920,162.0
327,1435993165941,148.0
328,1435993165957,148.0
329,1435993165978,138.0
330,1435993166008,130.0
331,1435993166061,130.0
332,1435993166062,124.0
333,1435993166063,124.0
334,1435993166075,119.0
335,1435993166095,119.0
336,1435993166116,113.0
337,1435993166135,113.0
338,1435993166155,107.0
339,1435993166176,107.0
340,1435993166197,100.0
341,1435993166220,97.0
342,1435993166238,97.0
343,1435993166260,97.0
344,1435993166277,97.0
345,1435993166299,94.0
346,1435993166319,94.0
347,1435993166339,88.0
348,1435993166361,88.0
349,1435993166378,86.0
350,1435993166400,86.0
351,1435993166418,94.0
352,1435993166437,106.0
353,1435993166457,106.0
354,1435993166482,120.0
355,1435993166499,120.0
356,1435993166518,141.0
357,1435993166562,141.0
358,1435993166563,178.0
359,1435993166577,178.0
360,1435993166606,221.0
361,1435993166630,221.0
362,1435993166637,253.0
363,1435993166669,252.0
364,1435993166676,252.0
365,1435993166695,228.0
366,1435993166717,228.0
367,1435993166738,213.0
368,1435993166757,213.0
369,1435993166778,197.0
370,1435993166800,197.0
371,1435993166820,178.0
372,1435993166841,178.0
373,1435993166860,168.0
374,1435993166880,156.0
375,1435993166901,156.0
376,1435993166920,141.0
377,1435993166940,141.0
378,1435993166960,128.0
379,1435993166980,128.0
380,1435993166999,123.0
381,1435993167020,123.0
382,1435993167040,157.0
383,1435993167060,157.0
384,1435993167083,172.0
385,1435993167099,152.0
386,1435993167134,152.0
387,1435993167145,135.0
388,1435993167161,135.0
389,1435993167177,123.0
390,1435993167198,123.0
391,1435993167216,115.0
392,1435993167237,115.0
393,1435993167265,108.0
394,1435993167300,108.0
395,1435993167301,102.0
396,1435993167317,96.0
397,1435993167337,96.0
398,1435993167359,91.0
399,1435993167381,91.0
400,1435993167397,87.0
401,1435993167418,87.0
402,1435993167440,87.0
403,1435993167461,87.0
404,1435993167481,93.0
405,1435993167502,93.0
406,1435993167519,91.0
407,1435993167540,82.0
408,1435993167560,82.0
409,1435993167581,80.0
410,1435993167602,80.0
411,1435993167619,87.0
412,1435993167639,87.0
413,1435993167658,98.0
414,1435993167680,98.0
415,1435993167698,116.0
416,1435993167718,116.0
417,1435993167740,142.0
418,1435993167760,185.0
419,1435993167780,185.0
420,1435993167802,228.0
421,1435993167821,228.0
422,1435993167840,248.0
423,1435993167861,248.0
424,1435993167880,231.0
425,1435993167908,231.0
426,1435993167974,210.0
427,1435993167975,210.0
428,1435993167976,191.0
429,1435993167982,176.0
430,1435993168000,176.0
431,1435993168017,168.0
432,1435993168038,168.0
433,1435993168058,159.0
434,1435993168077,159.0
435,1435993168099,146.0
436,1435993168119,146.0
437,1435993168139,130.0
438,1435993168160,130.0
439,1435993168178,127.0
440,1435993168198,142.0
441,1435993168222,142.0
442,1435993168245,148.0
443,1435993168260,148.0
444,1435993168284,136.0
445,1435993168301,136.0
446,1435993168325,122.0
447,1435993168343,122.0
448,1435993168362,112.0
449,1435993168382,112.0
450,1435993168402,104.0
451,1435993168420,98.0
452,1435993168439,98.0
453,1435993168460,92.0
454,1435993168480,92.0
455,1435993168502,86.0
456,1435993168520,86.0
457,1435993168540,82.0
458,1435993168560,82.0
459,1435993168587,80.0
460,1435993168646,80.0
461,1435993168647,81.0
462,1435993168648,81.0
463,1435993168667,81.0
464,1435993168677,78.0
465,1435993168698,78.0
466,1435993168718,74.0
467,1435993168739,74.0
468,1435993168764,77.0
469,1435993168780,77.0
470,1435993168802,88.0
471,1435993168827,88.0
472,1435993168840,105.0
473,1435993168865,132.0
474,1435993168883,132.0
475,1435993168899,169.0
476,1435993168919,169.0
477,1435993168940,214.0
478,1435993168967,214.0
479,1435993168989,250.0
480,1435993169000,250.0
481,1435993169019,258.0
482,1435993169038,258.0
483,1435993169059,243.0
484,1435993169078,229.0
485,1435993169100,229.0
486,1435993169120,213.0
487,1435993169141,213.0
488,1435993169158,198.0
489,1435993169179,198.0
490,1435993169199,192.0
491,1435993169220,192.0
492,1435993169240,184.0
493,1435993169258,184.0
494,1435993169286,165.0
495,1435993169299,145.0
496,1435993169318,145.0
497,1435993169339,136.0
498,1435993169361,136.0
499,1435993169380,141.0
500,1435993169398,141.0
501,1435993169421,151.0
502,1435993169439,151.0
503,1435993169458,144.0
504,1435993169481,144.0
505,1435993169499,130.0
506,1435993169520,120.0
507,1435993169554,120.0
508,1435993169560,111.0
509,1435993169580,111.0
510,1435993169600,104.0
511,1435993169618,104.0
512,1435993169638,97.0
513,1435993169660,97.0
514,1435993169679,91.0
515,1435993169700,91.0
516,1435993169720,87.0
517,1435993169739,82.0
518,1435993169761,82.0
519,1435993169780,82.0
520,1435993169800,82.0
521,1435993169819,82.0
522,1435993169841,82.0
523,1435993169859,83.0
524,1435993169879,83.0
525,1435993169900,79.0
526,1435993169919,79.0
527,1435993169939,74.0
528,1435993169960,75.0
529,1435993169980,75.0
530,1435993170000,85.0
531,1435993170020,85.0
532,1435993170040,98.0
533,1435993170059,98.0
534,1435993170080,121.0
535,1435993170100,121.0
536,1435993170120,154.0
537,1435993170141,154.0
538,1435993170160,196.0
539,1435993170221,234.0
540,1435993170222,234.0
541,1435993170223,245.0
542,1435993170248,245.0
543,1435993170260,229.0
544,1435993170280,229.0
545,1435993170299,214.0
546,1435993170320,214.0
547,1435993170339,198.0
548,1435993170361,198.0
549,1435993170381,189.0
550,1435993170400,182.0
551,1435993170421,182.0
552,1435993170443,165.0
553,1435993170461,165.0
554,1435993170496,149.0
555,1435993170515,149.0
556,1435993170523,137.0
557,1435993170540,137.0
558,1435993170562,133.0
559,1435993170580,133.0
560,1435993170600,140.0
561,1435993170620,140.0
562,1435993170640,134.0
563,1435993170660,123.0
564,1435993170682,123.0
565,1435993170700,113.0
566,1435993170720,113.0
567,1435993170741,105.0
568,1435993170761,105.0
569,1435993170781,97.0
570,1435993170803,97.0
571,1435993170821,91.0
572,1435993170841,91.0
573,1435993170862,86.0
574,1435993170881,81.0
575,1435993170901,81.0
576,1435993170922,77.0
577,1435993170941,77.0
578,1435993170962,75.0
579,1435993170981,75.0
580,1435993171001,77.0
581,1435993171021,77.0
582,1435993171042,79.0
583,1435993171061,79.0
584,1435993171081,75.0
585,1435993171103,72.0
586,1435993171125,72.0
587,1435993171156,77.0
588,1435993171161,77.0
589,1435993171182,90.0
590,1435993171201,90.0
591,1435993171221,108.0
592,1435993171240,108.0
593,1435993171260,143.0
594,1435993171282,143.0
595,1435993171300,186.0
596,1435993171321,232.0
597,1435993171341,232.0
598,1435993171360,262.0
599,1435993171380,262.0
600,1435993171408,259.0
601,1435993171421,259.0
602,1435993171440,254.0
603,1435993171462,254.0
604,1435993171481,244.0
605,1435993171500,244.0
606,1435993171521,223.0
607,1435993171540,218.0
608,1435993171560,218.0
609,1435993171581,211.0
610,1435993171600,211.0
611,1435993171620,181.0
612,1435993171641,181.0
613,1435993171660,157.0
614,1435993171680,157.0
615,1435993171705,135.0
616,1435993171724,135.0
617,1435993171808,139.0
618,1435993171809,155.0
619,1435993171810,155.0
620,1435993171811,144.0
621,1435993171823,144.0
622,1435993171840,132.0
623,1435993171860,132.0
624,1435993171884,120.0
625,1435993171900,120.0
626,1435993171920,109.0
627,1435993171943,109.0
628,1435993171961,99.0
629,1435993171981,91.0
630,1435993172003,91.0
631,1435993172025,85.0
632,1435993172045,85.0
633,1435993172065,79.0
634,1435993172086,79.0
635,1435993172104,74.0
636,1435993172126,74.0
637,1435993172144,73.0
638,1435993172164,73.0
639,1435993172185,74.0
640,1435993172207,72.0
641,1435993172228,72.0
642,1435993172248,68.0
643,1435993172265,68.0
644,1435993172297,72.0
645,1435993172305,72.0
646,1435993172324,86.0
647,1435993172351,86.0
648,1435993172373,106.0
649,1435993172383,106.0
650,1435993172401,130.0
651,1435993172421,163.0
652,1435993172441,163.0
653,1435993172461,198.0
654,1435993172482,198.0
655,1435993172505,236.0
656,1435993172525,236.0
657,1435993172545,255.0
658,1435993172566,255.0
659,1435993172584,249.0
660,1435993172606,249.0
661,1435993172626,247.0
662,1435993172646,233.0
663,1435993172667,233.0
664,1435993172687,227.0
665,1435993172704,227.0
666,1435993172727,223.0
667,1435993172748,223.0
668,1435993172768,201.0
669,1435993172788,201.0
670,1435993172806,171.0
671,1435993172825,171.0
672,1435993172846,144.0
673,1435993172865,150.0
674,1435993172890,150.0
675,1435993172912,167.0
676,1435993172927,167.0
677,1435993172944,159.0
678,1435993173008,159.0
679,1435993173009,144.0
680,1435993173010,144.0
681,1435993173024,135.0
682,1435993173042,135.0
683,1435993173065,126.0
684,1435993173083,118.0
685,1435993173104,118.0
686,1435993173126,112.0
687,1435993173144,112.0
688,1435993173166,108.0
689,1435993173187,108.0
690,1435993173204,103.0
691,1435993173224,103.0
692,1435993173246,98.0
693,1435993173266,98.0
694,1435993173284,97.0
695,1435993173306,101.0
696,1435993173324,101.0
697,1435993173346,105.0
698,1435993173371,105.0
699,1435993173388,110.0
700,1435993173404,110.0
701,1435993173424,125.0
702,1435993173444,125.0
703,1435993173464,144.0
704,1435993173484,144.0
705,1435993173507,161.0
706,1435993173525,171.0
707,1435993173549,171.0
708,1435993173570,185.0
709,1435993173590,185.0
710,1435993173606,218.0
711,1435993173701,218.0
712,1435993173702,244.0
713,1435993173703,244.0
714,1435993173704,244.0
715,1435993173708,244.0
716,1435993173730,239.0
717,1435993173746,253.0
718,1435993173767,253.0
719,1435993173785,268.0
720,1435993173808,268.0
721,1435993173824,264.0
722,1435993173847,264.0
723,1435993173867,250.0
724,1435993173898,250.0
725,1435993173910,219.0
726,1435993173925,219.0
727,1435993173945,192.0
728,1435993173964,184.0
729,1435993173986,184.0
730,1435993174005,191.0
731,1435993174027,191.0
732,1435993174047,184.0
733,1435993174065,184.0
734,1435993174087,187.0
735,1435993174108,187.0
736,1435993174124,190.0
737,1435993174144,190.0
738,1435993174171,193.0
739,1435993174192,195.0
740,1435993174210,195.0
741,1435993174227,195.0
742,1435993174272,195.0
743,1435993174273,196.0
744,1435993174288,196.0
745,1435993174305,194.0
746,1435993174325,194.0
747,1435993174359,186.0
748,1435993174364,186.0
749,1435993174386,167.0
750,1435993174405,140.0
751,1435993174423,140.0
752,1435993174444,114.0
753,1435993174464,114.0
754,1435993174485,93.0
755,1435993174510,93.0
756,1435993174527,91.0
757,1435993174548,91.0
758,1435993174564,106.0
759,1435993174587,106.0
760,1435993174605,133.0
761,1435993174623,158.0
762,1435993174647,158.0
763,1435993174665,167.0
764,1435993174689,167.0
765,1435993174709,179.0
766,1435993174727,179.0
767,1435993174746,202.0
768,1435993174768,202.0
769,1435993174790,215.0
770,1435993174810,215.0
771,1435993174830,214.0
772,1435993174848,225.0
773,1435993174866,225.0
774,1435993174892,240.0
775,1435993174910,240.0
776,1435993174934,238.0
777,1435993174975,238.0
778,1435993174976,235.0
779,1435993174990,235.0
780,1435993175006,200.0
781,1435993175028,200.0
782,1435993175046,172.0
783,1435993175068,158.0
784,1435993175085,158.0
785,1435993175108,148.0
786,1435993175129,148.0
787,1435993175148,170.0
788,1435993175168,170.0
789,1435993175192,178.0
790,1435993175208,178.0
791,1435993175227,177.0
792,1435993175250,177.0
793,1435993175267,173.0
794,1435993175289,173.0
795,1435993175314,167.0
796,1435993175328,158.0
797,1435993175347,158.0
798,1435993175372,152.0
799,1435993175396,152.0
800,1435993175408,145.0
801,1435993175426,145.0
802,1435993175446,134.0
803,1435993175465,134.0
804,1435993175487,112.0
805,1435993175512,112.0
806,1435993175532,89.0
807,1435993175550,76.0
808,1435993175570,76.0
809,1435993175618,82.0
810,1435993175619,82.0
811,1435993175624,93.0
812,1435993175647,93.0
813,1435993175666,104.0
814,1435993175687,104.0
815,1435993175705,119.0
816,1435993175727,119.0
817,1435993175745,133.0
818,1435993175766,133.0
819,1435993175790,133.0
820,1435993175809,127.0
821,1435993175829,127.0
822,1435993175849,130.0
823,1435993175869,130.0
824,1435993175892,135.0
825,1435993175907,135.0
826,1435993175926,136.0
827,1435993175946,136.0
828,1435993175967,139.0
829,1435993175986,134.0
830,1435993176009,134.0
831,1435993176031,129.0
832,1435993176051,129.0
833,1435993176070,129.0
834,1435993176089,129.0
835,1435993176109,128.0
836,1435993176129,128.0
837,1435993176150,124.0
838,1435993176171,124.0
839,1435993176195,119.0
840,1435993176215,111.0
841,1435993176228,111.0
842,1435993176348,126.0
843,1435993176349,126.0
844,1435993176350,142.0
845,1435993176351,142.0
846,1435993176352,134.0
847,1435993176353,134.0
848,1435993176365,123.0
849,1435993176402,123.0
850,1435993176414,115.0
851,1435993176425,108.0
852,1435993176446,108.0
853,1435993176465,100.0
854,1435993176486,100.0
855,1435993176506,94.0
856,1435993176525,94.0
857,1435993176545,86.0
858,1435993176566,86.0
859,1435993176585,76.0
860,1435993176605,76.0
861,1435993176626,71.0
862,1435993176645,71.0
863,1435993176665,71.0
864,1435993176686,70.0
865,1435993176706,70.0
866,1435993176726,74.0
867,1435993176748,74.0
868,1435993176769,82.0
869,1435993176792,82.0
870,1435993176810,90.0
871,1435993176827,90.0
872,1435993176849,101.0
873,1435993176868,112.0
874,1435993176888,112.0
875,1435993176946,114.0
876,1435993176947,114.0
877,1435993176948,108.0
878,1435993176966,108.0
879,1435993176987,107.0
880,1435993177008,107.0
881,1435993177029,108.0
882,1435993177050,108.0
883,1435993177067,113.0
884,1435993177090,115.0
885,1435993177111,115.0
886,1435993177130,113.0
887,1435993177150,113.0
888,1435993177171,109.0
889,1435993177190,109.0
890,1435993177211,105.0
891,1435993177231,105.0
892,1435993177250,100.0
893,1435993177270,100.0
894,1435993177288,96.0
895,1435993177310,100.0
896,1435993177330,100.0
897,1435993177350,123.0
898,1435993177370,123.0
899,1435993177390,114.0
900,1435993177410,114.0
901,1435993177444,103.0
902,1435993177449,103.0
903,1435993177469,98.0
904,1435993177487,98.0
905,1435993177508,92.0
906,1435993177530,86.0
907,1435993177551,86.0
908,1435993177578,84.0
909,1435993177587,84.0
910,1435993177606,80.0
911,1435993177626,80.0
912,1435993177648,75.0
913,1435993177670,75.0
914,1435993177688,68.0
915,1435993177709,68.0
916,1435993177731,61.0
917,1435993177750,55.0
918,1435993177769,55.0
919,1435993177791,55.0
920,1435993177811,55.0
921,1435993177831,57.0
922,1435993177851,57.0
923,1435993177871,60.0
924,1435993177892,60.0
925,1435993177911,69.0
926,1435993177930,69.0
927,1435993177952,82.0
928,1435993177975,107.0
929,1435993177989,107.0
930,1435993178011,121.0
931,1435993178031,121.0
932,1435993178051,123.0
933,1435993178071,123.0
934,1435993178091,124.0
935,1435993178108,124.0
936,1435993178129,121.0
937,1435993178148,121.0
938,1435993178168,109.0
939,1435993178194,89.0
940,1435993178239,89.0
941,1435993178240,76.0
942,1435993178253,76.0
943,1435993178270,68.0
944,1435993178287,68.0
945,1435993178310,63.0
946,1435993178329,63.0
947,1435993178348,60.0
948,1435993178370,60.0
949,1435993178392,60.0
950,1435993178412,77.0
951,1435993178434,77.0
952,1435993178451,82.0
953,1435993178470,82.0
954,1435993178494,68.0
955,1435993178509,68.0
956,1435993178531,57.0
957,1435993178554,57.0
958,1435993178569,48.0
959,1435993178591,48.0
960,1435993178661,40.0
961,1435993178662,35.0
962,1435993178663,35.0
963,1435993178670,32.0
964,1435993178689,32.0
965,1435993178710,30.0
966,1435993178731,30.0
967,1435993178749,28.0
968,1435993178775,28.0
969,1435993178794,27.0
970,1435993178815,27.0
971,1435993178832,27.0
972,1435993178849,25.0
973,1435993178869,25.0
974,1435993178889,23.0
975,1435993178912,23.0
976,1435993178963,24.0
977,1435993178964,24.0
978,1435993178971,28.0
979,1435993178998,28.0
980,1435993179008,45.0
981,1435993179029,45.0
982,1435993179051,81.0
983,1435993179069,142.0
984,1435993179089,142.0
985,1435993179112,199.0
986,1435993179132,199.0
987,1435993179150,226.0
988,1435993179170,226.0
989,1435993179192,218.0
990,1435993179212,218.0
991,1435993179232,180.0
992,1435993179252,180.0
993,1435993179272,143.0
994,1435993179292,124.0
995,1435993179311,124.0
996,1435993179333,96.0
997,1435993179352,96.0
998,1435993179372,86.0
999,1435993179393,86.0
1000,1435993179411,81.0
1001,1435993179432,81.0
1002,1435993179455,77.0
1003,1435993179473,77.0
1004,1435993179492,82.0
1005,1435993179513,85.0
1006,1435993179530,85.0
1007,1435993179553,72.0
1008,1435993179582,72.0
1009,1435993179636,61.0
1010,1435993179637,61.0
1011,1435993179638,53.0
1012,1435993179657,53.0
1013,1435993179671,46.0
1014,1435993179690,46.0
1015,1435993179709,38.0
1016,1435993179732,38.0
1017,1435993179750,32.0
1018,1435993179770,28.0
1019,1435993179794,28.0
1020,1435993179813,26.0
1021,1435993179834,26.0
1022,1435993179850,25.0
1023,1435993179874,25.0
1024,1435993179893,24.0
1025,1435993179912,24.0
1026,1435993179934,25.0
1027,1435993179954,25.0
1028,1435993179972,26.0
1029,1435993179998,27.0
1030,1435993180014,27.0
1031,1435993180032,31.0
1032,1435993180054,31.0
1033,1435993180074,43.0
1034,1435993180093,43.0
1035,1435993180113,70.0
1036,1435993180133,70.0
1037,1435993180153,114.0
1038,1435993180174,114.0
1039,1435993180228,163.0
1040,1435993180229,206.0
1041,1435993180232,206.0
1042,1435993180260,235.0
1043,1435993180304,235.0
1044,1435993180305,219.0
1045,1435993180310,219.0
1046,1435993180334,175.0
1047,1435993180352,175.0
1048,1435993180371,141.0
1049,1435993180389,141.0
1050,1435993180414,116.0
1051,1435993180430,99.0
1052,1435993180451,99.0
1053,1435993180475,97.0
1054,1435993180496,97.0
1055,1435993180511,96.0
1056,1435993180534,96.0
1057,1435993180554,97.0
1058,1435993180573,97.0
1059,1435993180595,107.0
1060,1435993180614,107.0
1061,1435993180633,105.0
1062,1435993180656,87.0
1063,1435993180671,87.0
1064,1435993180694,71.0
1065,1435993180716,71.0
1066,1435993180735,60.0
1067,1435993180755,60.0
1068,1435993180776,50.0
1069,1435993180794,50.0
1070,1435993180814,42.0
1071,1435993180834,42.0
1072,1435993180855,36.0
1073,1435993180875,32.0
1074,1435993180895,32.0
1075,1435993180915,29.0
1076,1435993180933,29.0
1077,1435993180977,28.0
1078,1435993180978,28.0
1079,1435993180990,28.0
1080,1435993181011,28.0
1081,1435993181031,31.0
1082,1435993181054,31.0
1083,1435993181074,31.0
1084,1435993181090,28.0
1085,1435993181112,28.0
1086,1435993181135,29.0
1087,1435993181154,29.0
1088,1435993181178,39.0
1089,1435993181192,39.0
1090,1435993181215,68.0
1091,1435993181235,68.0
1092,1435993181254,113.0
1093,1435993181274,113.0
1094,1435993181295,173.0
1095,1435993181315,225.0
1096,1435993181333,225.0
1097,1435993181354,250.0
1098,1435993181374,250.0
1099,1435993181394,220.0
1100,1435993181414,220.0
1101,1435993181435,172.0
1102,1435993181454,172.0
1103,1435993181474,145.0
1104,1435993181493,145.0
1105,1435993181515,125.0
1106,1435993181534,113.0
1107,1435993181555,113.0
1108,1435993181573,113.0
1109,1435993181664,113.0
1110,1435993181665,110.0
1111,1435993181666,110.0
1112,1435993181667,114.0
1113,1435993181671,114.0
1114,1435993181691,118.0
1115,1435993181710,118.0
1116,1435993181731,103.0
1117,1435993181754,85.0
1118,1435993181771,85.0
1119,1435993181794,71.0
1120,1435993181815,71.0
1121,1435993181835,60.0
1122,1435993181860,60.0
1123,1435993181874,50.0
1124,1435993181892,50.0
1125,1435993181914,40.0
1126,1435993181934,40.0
1127,1435993181955,32.0
1128,1435993181981,27.0
1129,1435993182029,27.0
1130,1435993182030,24.0
1131,1435993182031,24.0
1132,1435993182050,23.0
1133,1435993182070,23.0
1134,1435993182091,24.0
1135,1435993182110,24.0
1136,1435993182130,29.0
1137,1435993182151,29.0
1138,1435993182170,31.0
1139,1435993182192,29.0
1140,1435993182213,29.0
1141,1435993182232,31.0
1142,1435993182255,31.0
1143,1435993182320,45.0
1144,1435993182321,45.0
1145,1435993182322,76.0
1146,1435993182335,76.0
1147,1435993182350,120.0
1148,1435993182372,120.0
1149,1435993182394,185.0
1150,1435993182416,254.0
1151,1435993182435,254.0
1152,1435993182453,281.0
1153,1435993182476,281.0
1154,1435993182496,240.0
1155,1435993182516,240.0
1156,1435993182533,182.0
1157,1435993182555,182.0
1158,1435993182594,151.0
1159,1435993182595,151.0
1160,1435993182612,135.0
1161,1435993182631,117.0
1162,1435993182651,117.0
1163,1435993182671,109.0
1164,1435993182696,109.0
1165,1435993182715,101.0
1166,1435993182734,101.0
1167,1435993182754,99.0
1168,1435993182775,99.0
1169,1435993182795,106.0
1170,1435993182817,106.0
1171,1435993182834,99.0
1172,1435993182866,85.0
1173,1435993182877,85.0
1174,1435993182896,72.0
1175,1435993182915,72.0
1176,1435993182936,61.0
1177,1435993182980,61.0
1178,1435993182981,50.0
1179,1435993182994,50.0
1180,1435993183012,40.0
1181,1435993183032,40.0
1182,1435993183052,33.0
1183,1435993183075,30.0
1184,1435993183092,30.0
1185,1435993183113,27.0
1186,1435993183132,27.0
1187,1435993183153,27.0
1188,1435993183174,27.0
1189,1435993183196,30.0
1190,1435993183213,30.0
1191,1435993183237,34.0
1192,1435993183254,34.0
1193,1435993183276,33.0
1194,1435993183294,30.0
1195,1435993183319,30.0
1196,1435993183336,33.0
1197,1435993183356,33.0
1198,1435993183374,49.0
1199,1435993183393,49.0
1200,1435993183415,84.0
1201,1435993183436,84.0
1202,1435993183459,126.0
1203,1435993183480,126.0
1204,1435993183496,168.0
1205,1435993183514,168.0
1206,1435993183534,209.0
1207,1435993183554,230.0
1208,1435993183577,230.0
1209,1435993183635,194.0
1210,1435993183636,194.0
1211,1435993183637,148.0
1212,1435993183653,148.0
1213,1435993183672,131.0
1214,1435993183692,131.0
1215,1435993183713,113.0
1216,1435993183735,113.0
1217,1435993183753,104.0
1218,1435993183773,104.0
1219,1435993183793,104.0
1220,1435993183813,100.0
1221,1435993183834,100.0
1222,1435993183853,104.0
1223,1435993183873,104.0
1224,1435993183894,107.0
1225,1435993183913,107.0
1226,1435993183935,96.0
1227,1435993183959,96.0
1228,1435993183974,77.0
1229,1435993183996,61.0
1230,1435993184017,61.0
1231,1435993184036,48.0
1232,1435993184056,48.0
1233,1435993184083,40.0
1234,1435993184105,40.0
1235,1435993184118,34.0
1236,1435993184135,34.0
1237,1435993184154,30.0
1238,1435993184175,30.0
1239,1435993184197,27.0
1240,1435993184297,25.0
1241,1435993184298,25.0
1242,1435993184299,25.0
1243,1435993184300,25.0
1244,1435993184301,29.0
1245,1435993184319,29.0
1246,1435993184337,31.0
1247,1435993184354,31.0
1248,1435993184376,29.0
1249,1435993184394,29.0
1250,1435993184415,29.0
1251,1435993184438,36.0
1252,1435993184458,36.0
1253,1435993184477,59.0
1254,1435993184499,59.0
1255,1435993184515,102.0
1256,1435993184536,102.0
1257,1435993184558,154.0
1258,1435993184577,154.0
1259,1435993184602,205.0
1260,1435993184617,205.0
1261,1435993184639,238.0
1262,1435993184654,215.0
1263,1435993184675,215.0
1264,1435993184695,176.0
1265,1435993184720,176.0
1266,1435993184738,148.0
1267,1435993184755,148.0
1268,1435993184775,136.0
1269,1435993184795,136.0
1270,1435993184820,120.0
1271,1435993184841,120.0
1272,1435993184861,116.0
1273,1435993184876,118.0
1274,1435993184903,118.0
1275,1435993184949,119.0
1276,1435993184950,119.0
1277,1435993184960,126.0
1278,1435993184977,126.0
1279,1435993184995,124.0
1280,1435993185015,124.0
1281,1435993185035,105.0
1282,1435993185058,105.0
1283,1435993185093,84.0
1284,1435993185098,66.0
1285,1435993185114,66.0
1286,1435993185135,52.0
1287,1435993185155,52.0
1288,1435993185173,41.0
1289,1435993185196,41.0
1290,1435993185217,35.0
1291,1435993185237,35.0
1292,1435993185257,31.0
1293,1435993185277,31.0
1294,1435993185297,28.0
1295,1435993185319,26.0
1296,1435993185338,26.0
1297,1435993185358,28.0
1298,1435993185376,28.0
1299,1435993185396,32.0
1300,1435993185417,32.0
1301,1435993185438,33.0
1302,1435993185461,33.0
1303,1435993185478,30.0
1304,1435993185498,30.0
1305,1435993185517,32.0
1306,1435993185537,44.0
1307,1435993185557,44.0
1308,1435993185577,78.0
1309,1435993185638,78.0
1310,1435993185639,131.0
1311,1435993185640,131.0
1312,1435993185655,188.0
1313,1435993185675,188.0
1314,1435993185695,228.0
1315,1435993185714,228.0
1316,1435993185734,227.0
1317,1435993185758,196.0
1318,1435993185779,196.0
1319,1435993185799,172.0
1320,1435993185819,172.0
1321,1435993185837,161.0
1322,1435993185858,161.0
1323,1435993185879,150.0
1324,1435993185898,150.0
1325,1435993185919,134.0
1326,1435993185941,134.0
1327,1435993185956,133.0
1328,1435993185978,134.0
1329,1435993185997,134.0
1330,1435993186016,135.0
1331,1435993186036,135.0
1332,1435993186062,138.0
1333,1435993186081,138.0
1334,1435993186101,132.0
1335,1435993186120,132.0
1336,1435993186143,111.0
1337,1435993186156,111.0
1338,1435993186181,88.0
1339,1435993186283,68.0
1340,1435993186284,68.0
1341,1435993186285,52.0
1342,1435993186286,52.0
1343,1435993186287,41.0
1344,1435993186300,41.0
1345,1435993186314,34.0
1346,1435993186337,34.0
1347,1435993186358,30.0
1348,1435993186377,30.0
1349,1435993186399,27.0
1350,1435993186420,26.0
1351,1435993186439,26.0
1352,1435993186458,30.0
1353,1435993186480,30.0
1354,1435993186499,34.0
1355,1435993186519,34.0
1356,1435993186540,32.0
1357,1435993186560,32.0
1358,1435993186579,30.0
1359,1435993186601,30.0
1360,1435993186620,33.0
1361,1435993186637,49.0
1362,1435993186657,49.0
1363,1435993186676,87.0
1364,1435993186696,87.0
1365,1435993186720,140.0
1366,1435993186741,140.0
1367,1435993186762,185.0
1368,1435993186780,185.0
1369,1435993186799,213.0
1370,1435993186817,213.0
1371,1435993186840,220.0
1372,1435993186857,197.0
1373,1435993186919,197.0
1374,1435993186920,169.0
1375,1435993186921,169.0
1376,1435993186936,161.0
1377,1435993186956,161.0
1378,1435993186976,150.0
1379,1435993186998,150.0
1380,1435993187020,136.0
1381,1435993187037,136.0
1382,1435993187059,138.0
1383,1435993187081,138.0
1384,1435993187100,138.0
1385,1435993187119,136.0
1386,1435993187142,136.0
1387,1435993187157,136.0
1388,1435993187177,136.0
1389,1435993187198,127.0
1390,1435993187219,127.0
1391,1435993187238,104.0
1392,1435993187262,104.0
1393,1435993187277,80.0
1394,1435993187300,80.0
1395,1435993187320,62.0
1396,1435993187340,50.0
1397,1435993187360,50.0
1398,1435993187379,41.0
1399,1435993187399,41.0
1400,1435993187420,36.0
1401,1435993187441,36.0
1402,1435993187460,32.0
1403,1435993187480,32.0
1404,1435993187500,29.0
1405,1435993187524,29.0
1406,1435993187572,27.0
1407,1435993187573,29.0
1408,1435993187580,29.0
1409,1435993187601,34.0
1410,1435993187617,34.0
1411,1435993187638,35.0
1412,1435993187656,35.0
1413,1435993187676,30.0
1414,1435993187696,30.0
1415,1435993187718,31.0
1416,1435993187740,31.0
1417,1435993187760,40.0
1418,1435993187780,66.0
1419,1435993187800,66.0
1420,1435993187820,119.0
1421,1435993187840,119.0
1422,1435993187861,178.0
1423,1435993187880,178.0
1424,1435993187900,219.0
1425,1435993187919,219.0
1426,1435993187940,244.0
1427,1435993187958,244.0
1428,1435993187979,237.0
1429,1435993187997,209.0
1430,1435993188016,209.0
1431,1435993188038,179.0
1432,1435993188062,179.0
1433,1435993188082,172.0
1434,1435993188097,172.0
1435,1435993188121,153.0
1436,1435993188142,153.0
1437,1435993188166,142.0
1438,1435993188206,142.0
1439,1435993188207,147.0
1440,1435993188217,141.0
1441,1435993188236,141.0
1442,1435993188258,134.0
1443,1435993188280,134.0
1444,1435993188297,128.0
1445,1435993188318,128.0
1446,1435993188340,110.0
1447,1435993188361,110.0
1448,1435993188379,86.0
1449,1435993188401,86.0
1450,1435993188419,66.0
1451,1435993188440,52.0
1452,1435993188464,52.0
1453,1435993188480,43.0
1454,1435993188501,43.0
1455,1435993188519,37.0
1456,1435993188544,37.0
1457,1435993188561,33.0
1458,1435993188585,33.0
1459,1435993188600,30.0
1460,1435993188631,30.0
1461,1435993188693,27.0
1462,1435993188694,26.0
1463,1435993188695,26.0
1464,1435993188698,30.0
1465,1435993188717,30.0
1466,1435993188738,33.0
1467,1435993188763,33.0
1468,1435993188781,31.0
1469,1435993188804,31.0
1470,1435993188874,30.0
1471,1435993188875,30.0
1472,1435993188876,35.0
1473,1435993188888,53.0
1474,1435993188900,53.0
1475,1435993188917,106.0
1476,1435993188938,106.0
1477,1435993188960,185.0
1478,1435993188978,185.0
1479,1435993189000,241.0
1480,1435993189019,241.0
1481,1435993189040,275.0
1482,1435993189060,275.0
1483,1435993189081,278.0
1484,1435993189102,251.0
1485,1435993189124,251.0
1486,1435993189139,215.0
1487,1435993189159,215.0
1488,1435993189179,194.0
1489,1435993189201,194.0
1490,1435993189222,177.0
1491,1435993189247,177.0
1492,1435993189266,149.0
1493,1435993189284,149.0
1494,1435993189306,148.0
1495,1435993189345,150.0
1496,1435993189346,150.0
1497,1435993189362,141.0
1498,1435993189379,141.0
1499,1435993189403,139.0
1500,1435993189425,139.0
1501,1435993189443,134.0
1502,1435993189462,134.0
1503,1435993189483,111.0
1504,1435993189529,111.0
1505,1435993189530,87.0
1506,1435993189543,68.0
1507,1435993189558,68.0
1508,1435993189579,54.0
1509,1435993189602,54.0
1510,1435993189618,45.0
1511,1435993189638,45.0
1512,1435993189659,39.0
1513,1435993189679,39.0
1514,1435993189699,35.0
1515,1435993189721,35.0
1516,1435993189740,32.0
1517,1435993189761,31.0
1518,1435993189784,31.0
1519,1435993189800,32.0
1520,1435993189822,32.0
1521,1435993189844,36.0
1522,1435993189862,36.0
1523,1435993189882,36.0
1524,1435993189906,36.0
1525,1435993189920,33.0
1526,1435993189945,33.0
1527,1435993189965,33.0
1528,1435993189979,42.0
1529,1435993190001,42.0
1530,1435993190021,69.0
1531,1435993190046,69.0
1532,1435993190065,139.0
1533,1435993190086,139.0
1534,1435993190106,229.0
1535,1435993190170,229.0
1536,1435993190171,292.0
1537,1435993190172,292.0
1538,1435993190186,333.0
1539,1435993190214,323.0
1540,1435993190218,323.0
1541,1435993190238,278.0
1542,1435993190259,278.0
1543,1435993190279,242.0
1544,1435993190299,242.0
1545,1435993190323,211.0
1546,1435993190343,211.0
1547,1435993190365,193.0
1548,1435993190381,193.0
1549,1435993190403,165.0
1550,1435993190421,155.0
1551,1435993190444,155.0
1552,1435993190464,163.0
1553,1435993190482,163.0
1554,1435993190506,156.0
1555,1435993190522,156.0
1556,1435993190542,149.0
1557,1435993190565,149.0
1558,1435993190585,133.0
1559,1435993190604,133.0
1560,1435993190621,107.0
1561,1435993190648,86.0
1562,1435993190661,86.0
1563,1435993190683,69.0
1564,1435993190703,69.0
1565,1435993190723,57.0
1566,1435993190746,57.0
1567,1435993190762,47.0
1568,1435993190788,47.0
1569,1435993190826,42.0
1570,1435993190827,42.0
1571,1435993190839,37.0
1572,1435993190860,34.0
1573,1435993190879,34.0
1574,1435993190899,32.0
1575,1435993190920,32.0
1576,1435993190939,32.0
1577,1435993190959,32.0
1578,1435993190980,35.0
1579,1435993191004,35.0
1580,1435993191019,36.0
1581,1435993191044,36.0
1582,1435993191065,35.0
1583,1435993191084,38.0
1584,1435993191104,38.0
1585,1435993191122,52.0
1586,1435993191151,52.0
1587,1435993191161,99.0
1588,1435993191182,99.0
1589,1435993191203,197.0
1590,1435993191222,197.0
1591,1435993191250,294.0
1592,1435993191267,294.0
1593,1435993191284,352.0
1594,1435993191304,379.0
1595,1435993191324,379.0
1596,1435993191344,348.0
1597,1435993191363,348.0
1598,1435993191383,300.0
1599,1435993191412,300.0
1600,1435993191479,260.0
1601,1435993191480,260.0
1602,1435993191481,234.0
1603,1435993191482,234.0
1604,1435993191502,209.0
1605,1435993191520,181.0
1606,1435993191540,181.0
1607,1435993191562,182.0
1608,1435993191582,182.0
1609,1435993191602,182.0
1610,1435993191622,182.0
1611,1435993191647,171.0
1612,1435993191661,171.0
1613,1435993191681,160.0
1614,1435993191703,160.0
1615,1435993191721,133.0
1616,1435993191744,133.0
1617,1435993191767,100.0
1618,1435993191787,79.0
1619,1435993191832,79.0
1620,1435993191833,64.0
1621,1435993191844,64.0
1622,1435993191862,53.0
1623,1435993191884,53.0
1624,1435993191902,45.0
1625,1435993191924,45.0
1626,1435993191947,40.0
1627,1435993191965,40.0
1628,1435993191984,36.0
1629,1435993192003,32.0
1630,1435993192022,32.0
1631,1435993192043,31.0
1632,1435993192065,31.0
1633,1435993192085,32.0
1634,1435993192136,32.0
1635,1435993192137,36.0
1636,1435993192151,36.0
1637,1435993192168,36.0
1638,1435993192181,36.0
1639,1435993192200,35.0
1640,1435993192221,42.0
1641,1435993192242,42.0
1642,1435993192262,63.0
1643,1435993192282,63.0
1644,1435993192302,118.0
1645,1435993192323,118.0
1646,1435993192342,227.0
1647,1435993192366,227.0
1648,1435993192384,337.0
1649,1435993192405,337.0
1650,1435993192425,400.0
1651,1435993192445,415.0
1652,1435993192465,415.0
1653,1435993192486,371.0
1654,1435993192505,371.0
1655,1435993192525,305.0
1656,1435993192545,305.0
1657,1435993192565,261.0
1658,1435993192585,261.0
1659,1435993192606,228.0
1660,1435993192631,228.0
1661,1435993192647,185.0
1662,1435993192663,174.0
1663,1435993192682,174.0
1664,1435993192702,172.0
1665,1435993192724,172.0
1666,1435993192751,159.0
1667,1435993192807,159.0
1668,1435993192809,154.0
1669,1435993192810,154.0
1670,1435993192823,138.0
1671,1435993192844,138.0
1672,1435993192865,111.0
1673,1435993192885,89.0
1674,1435993192906,89.0
1675,1435993192923,72.0
1676,1435993192945,72.0
1677,1435993192967,60.0
1678,1435993192985,60.0
1679,1435993193005,51.0
1680,1435993193023,51.0
1681,1435993193045,45.0
1682,1435993193066,45.0
1683,1435993193086,40.0
1684,1435993193105,36.0
1685,1435993193129,36.0
1686,1435993193150,34.0
1687,1435993193162,34.0
1688,1435993193204,34.0
1689,1435993193205,34.0
1690,1435993193225,37.0
1691,1435993193244,37.0
1692,1435993193267,41.0
1693,1435993193281,41.0
1694,1435993193301,41.0
1695,1435993193325,42.0
1696,1435993193347,42.0
1697,1435993193365,51.0
1698,1435993193387,51.0
1699,1435993193405,74.0
1700,1435993193468,74.0
1701,1435993193469,131.0
1702,1435993193470,131.0
1703,1435993193487,242.0
1704,1435993193504,242.0
1705,1435993193524,355.0
1706,1435993193546,424.0
1707,1435993193566,424.0
1708,1435993193584,413.0
1709,1435993193604,413.0
1710,1435993193628,347.0
1711,1435993193643,347.0
1712,1435993193664,279.0
1713,1435993193684,279.0
1714,1435993193707,254.0
1715,1435993193723,254.0
1716,1435993193749,221.0
1717,1435993193764,182.0
1718,1435993193783,182.0
1719,1435993193804,175.0
1720,1435993193826,175.0
1721,1435993193843,172.0
1722,1435993193869,172.0
1723,1435993193886,168.0
1724,1435993193906,168.0
1725,1435993193927,154.0
1726,1435993193947,154.0
1727,1435993193967,127.0
1728,1435993193987,103.0
1729,1435993194006,103.0
1730,1435993194026,87.0
1731,1435993194047,87.0
1732,1435993194073,74.0
1733,1435993194138,74.0
1734,1435993194139,64.0
1735,1435993194140,64.0
1736,1435993194143,56.0
1737,1435993194163,56.0
1738,1435993194182,51.0
1739,1435993194202,46.0
1740,1435993194225,46.0
1741,1435993194245,42.0
1742,1435993194266,42.0
1743,1435993194285,39.0
1744,1435993194306,39.0
1745,1435993194326,40.0
1746,1435993194347,40.0
1747,1435993194366,45.0
1748,1435993194387,45.0
1749,1435993194407,47.0
1750,1435993194427,47.0
1751,1435993194444,47.0
1752,1435993194468,54.0
1753,1435993194487,54.0
1754,1435993194507,76.0
1755,1435993194527,76.0
1756,1435993194546,111.0
1757,1435993194568,111.0
1758,1435993194587,190.0
1759,1435993194607,190.0
1760,1435993194628,305.0
1761,1435993194646,387.0
1762,1435993194667,387.0
1763,1435993194684,416.0
1764,1435993194752,416.0
1765,1435993194753,377.0
1766,1435993194754,377.0
1767,1435993194767,300.0
1768,1435993194787,300.0
1769,1435993194804,255.0
1770,1435993194826,255.0
1771,1435993194846,218.0
1772,1435993194867,187.0
1773,1435993194885,187.0
1774,1435993194907,180.0
1775,1435993194927,180.0
1776,1435993194948,171.0
1777,1435993194966,171.0
1778,1435993194987,165.0
1779,1435993195008,165.0
1780,1435993195027,160.0
1781,1435993195047,160.0
1782,1435993195068,138.0
1783,1435993195087,115.0
1784,1435993195107,115.0
1785,1435993195128,99.0
1786,1435993195145,99.0
1787,1435993195164,86.0
1788,1435993195187,86.0
1789,1435993195205,77.0
1790,1435993195229,77.0
1791,1435993195254,69.0
1792,1435993195270,69.0
1793,1435993195285,63.0
1794,1435993195307,57.0
1795,1435993195326,57.0
1796,1435993195347,51.0
1797,1435993195378,51.0
1798,1435993195417,47.0
1799,1435993195427,47.0
1800,1435993195428,45.0
1801,1435993195445,45.0
1802,1435993195463,47.0
1803,1435993195484,47.0
1804,1435993195506,52.0
1805,1435993195527,53.0
1806,1435993195571,53.0
1807,1435993195572,54.0
1808,1435993195622,54.0
1809,1435993195623,67.0
1810,1435993195626,67.0
1811,1435993195661,88.0
1812,1435993195664,88.0
1813,1435993195683,122.0
1814,1435993195703,122.0
1815,1435993195726,187.0
1816,1435993195747,187.0
1817,1435993195768,268.0
1818,1435993195788,336.0
1819,1435993195808,336.0
1820,1435993195828,374.0
1821,1435993195847,374.0
1822,1435993195868,340.0
1823,1435993195888,340.0
1824,1435993195909,275.0
1825,1435993195928,275.0
1826,1435993195948,236.0
1827,1435993195970,236.0
1828,1435993195988,206.0
1829,1435993196008,180.0
1830,1435993196029,180.0
1831,1435993196048,172.0
1832,1435993196067,172.0
1833,1435993196089,167.0
1834,1435993196176,167.0
1835,1435993196177,166.0
1836,1435993196178,166.0
1837,1435993196179,161.0
1838,1435993196190,161.0
1839,1435993196205,138.0
1840,1435993196225,119.0
1841,1435993196244,119.0
1842,1435993196267,108.0
1843,1435993196285,108.0
1844,1435993196306,98.0
1845,1435993196339,98.0
1846,1435993196346,90.0
1847,1435993196368,90.0
1848,1435993196390,83.0
1849,1435993196409,83.0
1850,1435993196428,77.0
1851,1435993196450,69.0
1852,1435993196467,69.0
1853,1435993196490,60.0
1854,1435993196508,60.0
1855,1435993196529,52.0
1856,1435993196549,52.0
1857,1435993196569,48.0
1858,1435993196590,48.0
1859,1435993196619,52.0
1860,1435993196635,52.0
1861,1435993196647,53.0
1862,1435993196666,52.0
1863,1435993196688,52.0
1864,1435993196708,61.0
1865,1435993196730,61.0
1866,1435993196749,85.0
1867,1435993196771,85.0
1868,1435993196839,112.0
1869,1435993196840,112.0
1870,1435993196841,157.0
1871,1435993196845,157.0
1872,1435993196867,246.0
1873,1435993196887,336.0
1874,1435993196906,336.0
1875,1435993196929,393.0
1876,1435993196946,393.0
1877,1435993196970,374.0
1878,1435993196991,374.0
1879,1435993197010,315.0
1880,1435993197031,315.0
1881,1435993197050,278.0
1882,1435993197070,278.0
1883,1435993197090,249.0
1884,1435993197118,210.0
1885,1435993197131,210.0
1886,1435993197147,193.0
1887,1435993197171,193.0
1888,1435993197187,184.0
1889,1435993197211,184.0
1890,1435993197234,175.0
1891,1435993197257,175.0
1892,1435993197269,169.0
1893,1435993197290,169.0
1894,1435993197308,160.0
1895,1435993197327,146.0
1896,1435993197353,146.0
1897,1435993197374,129.0
1898,1435993197393,129.0
1899,1435993197412,113.0
1900,1435993197434,113.0
1901,1435993197480,103.0
1902,1435993197481,103.0
1903,1435993197486,94.0
1904,1435993197506,94.0
1905,1435993197526,86.0
1906,1435993197548,75.0
1907,1435993197567,75.0
1908,1435993197588,64.0
1909,1435993197615,64.0
1910,1435993197634,57.0
1911,1435993197648,57.0
1912,1435993197667,53.0
1913,1435993197689,53.0
1914,1435993197708,58.0
1915,1435993197730,58.0
1916,1435993197750,66.0
1917,1435993197771,64.0
1918,1435993197790,64.0
1919,1435993197810,64.0
1920,1435993197834,64.0
1921,1435993197850,82.0
1922,1435993197870,82.0
1923,1435993197890,105.0
1924,1435993197910,105.0
1925,1435993197931,129.0
1926,1435993197949,129.0
1927,1435993197969,173.0
1928,1435993197990,253.0
1929,1435993198008,253.0
1930,1435993198030,330.0
1931,1435993198050,330.0
1932,1435993198070,361.0
1933,1435993198094,361.0
1934,1435993198159,329.0
1935,1435993198160,329.0
1936,1435993198161,285.0
1937,1435993198166,285.0
1938,1435993198186,248.0
1939,1435993198206,217.0
1940,1435993198226,217.0
1941,1435993198247,185.0
1942,1435993198269,185.0
1943,1435993198288,166.0
1944,1435993198310,166.0
1945,1435993198330,156.0
1946,1435993198351,156.0
1947,1435993198370,151.0
1948,1435993198390,151.0
1949,1435993198411,151.0
1950,1435993198444,154.0
1951,1435993198448,154.0
1952,1435993198467,141.0
1953,1435993198489,141.0
1954,1435993198509,123.0
1955,1435993198526,123.0
1956,1435993198552,109.0
1957,1435993198568,109.0
1958,1435993198589,100.0
1959,1435993198614,100.0
1960,1435993198633,93.0
1961,1435993198652,86.0
1962,1435993198721,86.0
1963,1435993198722,76.0
1964,1435993198723,76.0
1965,1435993198727,67.0
1966,1435993198747,67.0
1967,1435993198769,61.0
1968,1435993198797,61.0
1969,1435993198808,60.0
1970,1435993198828,60.0
1971,1435993198848,65.0
1972,1435993198870,70.0
1973,1435993198892,70.0
1974,1435993198909,67.0
1975,1435993198929,67.0
1976,1435993198952,68.0
1977,1435993198972,68.0
1978,1435993198990,86.0
1979,1435993199011,86.0
1980,1435993199030,112.0
1981,1435993199055,112.0
1982,1435993199068,136.0
1983,1435993199089,185.0
1984,1435993199118,185.0
1985,1435993199128,280.0
1986,1435993199150,280.0
1987,1435993199168,382.0
1988,1435993199187,382.0
1989,1435993199208,421.0
1990,1435993199228,421.0
1991,1435993199250,380.0
1992,1435993199272,380.0
1993,1435993199294,338.0
1994,1435993199310,301.0
1995,1435993199332,301.0
1996,1435993199351,262.0
1997,1435993199371,262.0
1998,1435993199401,230.0
1999,1435993199443,230.0
2000,1435993199444,211.0
2001,1435993199458,211.0
2002,1435993199476,195.0
2003,1435993199487,195.0
2004,1435993199512,178.0
2005,1435993199529,165.0
2006,1435993199548,165.0
2007,1435993199572,167.0
2008,1435993199592,167.0
2009,1435993199612,158.0
2010,1435993199636,158.0
2011,1435993199657,140.0
2012,1435993199671,140.0
2013,1435993199692,125.0
2014,1435993199709,125.0
2015,1435993199729,117.0
2016,1435993199752,110.0
2017,1435993199773,110.0
2018,1435993199791,103.0
2019,1435993199811,103.0
2020,1435993199832,91.0
2021,1435993199850,91.0
2022,1435993199871,77.0
2023,1435993199891,77.0
2024,1435993199910,68.0
2025,1435993199936,68.0
2026,1435993199951,66.0
2027,1435993199972,71.0
2028,1435993199991,71.0
2029,1435993200036,77.0
2030,1435993200037,77.0
2031,1435993200081,75.0
2032,1435993200082,75.0
2033,1435993200096,76.0
2034,1435993200110,76.0
2035,1435993200128,98.0
2036,1435993200148,98.0
2037,1435993200168,129.0
2038,1435993200188,157.0
2039,1435993200221,157.0
2040,1435993200228,220.0
2041,1435993200248,220.0
2042,1435993200268,353.0
2043,1435993200289,353.0
2044,1435993200308,494.0
2045,1435993200328,494.0
2046,1435993200348,571.0
2047,1435993200368,571.0
2048,1435993200388,557.0
2049,1435993200408,513.0
2050,1435993200428,513.0
2051,1435993200448,490.0
2052,1435993200470,490.0
2053,1435993200491,447.0
2054,1435993200511,447.0
2055,1435993200534,397.0
2056,1435993200556,397.0
2057,1435993200574,366.0
2058,1435993200594,366.0
2059,1435993200611,341.0
2060,1435993200631,341.0
2061,1435993200654,309.0
2062,1435993200680,219.0
2063,1435993200741,219.0
2064,1435993200742,199.0
2065,1435993200743,199.0
2066,1435993200755,195.0
2067,1435993200769,195.0
2068,1435993200789,191.0
2069,1435993200809,191.0
2070,1435993200831,181.0
2071,1435993200854,181.0
2072,1435993200874,165.0
2073,1435993200896,152.0
2074,1435993200916,152.0
2075,1435993200933,142.0
2076,1435993200953,142.0
2077,1435993200974,129.0
2078,1435993200993,129.0
2079,1435993201014,113.0
2080,1435993201035,113.0
2081,1435993201052,94.0
2082,1435993201074,94.0
2083,1435993201091,81.0
2084,1435993201111,81.0
2085,1435993201133,81.0
2086,1435993201156,91.0
2087,1435993201178,91.0
2088,1435993201204,103.0
2089,1435993201212,103.0
2090,1435993201230,108.0
2091,1435993201250,108.0
2092,1435993201270,121.0
2093,1435993201300,121.0
2094,1435993201331,162.0
2095,1435993201332,216.0
2096,1435993201350,216.0
2097,1435993201370,318.0
2098,1435993201394,318.0
2099,1435993201411,586.0
2100,1435993201432,586.0
2101,1435993201452,967.0
2102,1435993201474,967.0
2103,1435993201495,1269.0
2104,1435993201511,1269.0
2105,1435993201537,1382.0
2106,1435993201555,1358.0
2107,1435993201574,1358.0
2108,1435993201594,1359.0
2109,1435993201615,1359.0
2110,1435993201634,1313.0
2111,1435993201656,1313.0
2112,1435993201676,1261.0
2113,1435993201693,1261.0
2114,1435993201711,1243.0
2115,1435993201732,1243.0
2116,1435993201751,1860.0
2117,1435993201771,1776.0
2118,1435993201796,1776.0
2119,1435993201817,622.0
2120,1435993201835,622.0
2121,1435993201855,361.0
2122,1435993201872,361.0
2123,1435993201892,694.0
2124,1435993201915,694.0
2125,1435993201932,1309.0
2126,1435993201994,1309.0
2127,1435993201995,822.0
2128,1435993201996,669.0
2129,1435993202010,669.0
2130,1435993202036,497.0
2131,1435993202053,497.0
2132,1435993202071,368.0
2133,1435993202096,368.0
2134,1435993202114,278.0
2135,1435993202135,278.0
2136,1435993202155,207.0
2137,1435993202176,207.0
2138,1435993202201,157.0
2139,1435993202219,125.0
2140,1435993202232,125.0
2141,1435993202251,119.0
2142,1435993202272,119.0
2143,1435993202292,127.0
2144,1435993202315,127.0
2145,1435993202333,140.0
2146,1435993202354,140.0
2147,1435993202374,155.0
2148,1435993202396,155.0
2149,1435993202415,192.0
2150,1435993202435,280.0
2151,1435993202454,280.0
2152,1435993202475,440.0
2153,1435993202494,440.0
2154,1435993202521,816.0
2155,1435993202536,816.0
2156,1435993202551,1786.0
2157,1435993202574,1786.0
2158,1435993202592,2420.0
2159,1435993202620,2420.0
2160,1435993202631,3608.0
2161,1435993202651,3361.0
2162,1435993202671,3361.0
2163,1435993202692,3149.0
2164,1435993202711,3149.0
2165,1435993202731,2468.0
2166,1435993202753,2468.0
2167,1435993202772,2281.0
2168,1435993202795,2281.0
2169,1435993202814,2114.0
2170,1435993202835,2114.0
2171,1435993202855,2002.0
2172,1435993202875,1922.0
2173,1435993202895,1922.0
2174,1435993202918,1858.0
2175,1435993202935,1858.0
2176,1435993202955,1725.0
2177,1435993202974,1725.0
2178,1435993203020,1254.0
2179,1435993203021,1254.0
2180,1435993203037,819.0
2181,1435993203061,819.0
2182,1435993203078,540.0
2183,1435993203095,428.0
2184,1435993203117,428.0
2185,1435993203133,381.0
2186,1435993203154,381.0
2187,1435993203270,359.0
2188,1435993203271,359.0
2189,1435993203278,354.0
2190,1435993203279,354.0
2191,1435993203280,348.0
2192,1435993203281,348.0
2193,1435993203295,334.0
2194,1435993203311,322.0
2195,1435993203331,322.0
2196,1435993203351,326.0
2197,1435993203374,326.0
2198,1435993203395,384.0
2199,1435993203417,384.0
2200,1435993203435,488.0
2201,1435993203456,488.0
2202,1435993203474,601.0
2203,1435993203495,601.0
2204,1435993203516,701.0
2205,1435993203536,778.0
2206,1435993203556,778.0
2207,1435993203575,866.0
2208,1435993203595,866.0
2209,1435993203617,1083.0
2210,1435993203634,1083.0
2211,1435993203655,2978.0
2212,1435993203674,2978.0
2213,1435993203704,19935.0
2214,1435993203721,19935.0
2215,1435993203741,28166.0
2216,1435993203753,35911.0
2217,1435993203773,35911.0
2218,1435993203815,39513.0
2219,1435993203816,39513.0
2220,1435993203832,48550.0
2221,1435993203854,48550.0
2222,1435993203875,0.0
2223,1435993203892,57244.0
2224,1435993203913,57244.0
2225,1435993203931,57481.0
2226,1435993203953,57481.0
2227,1435993203972,55692.0
2228,1435993203992,55692.0
2229,1435993204013,47855.0
2230,1435993204032,47855.0
2231,1435993204053,52054.0
2232,1435993204073,0.0
2233,1435993204093,44151.0
2234,1435993204113,44151.0
2235,1435993204135,2220.0
2236,1435993204153,2220.0
2237,1435993204184,1038.0
2238,1435993204206,1038.0
2239,1435993204219,825.0
2240,1435993204238,825.0
2241,1435993204256,821.0
2242,1435993204273,821.0
2243,1435993204294,850.0
2244,1435993204316,877.0
2245,1435993204337,877.0
2246,1435993204357,901.0
2247,1435993204377,901.0
2248,1435993204396,914.0
2249,1435993204416,914.0
2250,1435993204443,909.0
2251,1435993204490,909.0
2252,1435993204491,883.0
2253,1435993204495,883.0
2254,1435993204514,834.0
2255,1435993204532,779.0
2256,1435993204554,779.0
2257,1435993204577,759.0
2258,1435993204595,759.0
2259,1435993204615,933.0
2260,1435993204637,933.0
2261,1435993204657,1035.0
2262,1435993204678,1035.0
2263,1435993204699,1034.0
2264,1435993204716,1034.0
2265,1435993204735,1107.0
2266,1435993204754,1314.0
2267,1435993204774,1314.0
2268,1435993204796,4191.0
2269,1435993204817,4191.0
2270,1435993204837,45971.0
2271,1435993204858,45971.0
2272,1435993204875,58753.0
2273,1435993204895,58753.0
2274,1435993204918,58753.0
2275,1435993204939,58753.0
2276,1435993204959,58753.0
2277,1435993204980,58753.0
2278,1435993204998,58753.0
2279,1435993205016,0.0
2280,1435993205036,58753.0
2281,1435993205057,58753.0
2282,1435993205077,58753.0
2283,1435993205135,58753.0
2284,1435993205136,58753.0
2285,1435993205137,58753.0
2286,1435993205154,58753.0
2287,1435993205174,58753.0
2288,1435993205196,58753.0
2289,1435993205214,0.0
2290,1435993205233,52745.0
2291,1435993205253,52745.0
2292,1435993205275,39119.0
2293,1435993205294,39119.0
2294,1435993205315,2178.0
2295,1435993205345,2178.0
2296,1435993205357,1243.0
2297,1435993205376,1243.0
2298,1435993205399,1076.0
2299,1435993205418,1076.0
2300,1435993205438,1005.0
2301,1435993205461,965.0
2302,1435993205475,965.0
2303,1435993205498,947.0
2304,1435993205517,947.0
2305,1435993205537,933.0
2306,1435993205559,933.0
2307,1435993205578,919.0
2308,1435993205598,919.0
2309,1435993205618,886.0
2310,1435993205640,886.0
2311,1435993205658,837.0
2312,1435993205677,793.0
2313,1435993205699,793.0
2314,1435993205719,817.0
2315,1435993205766,817.0
2316,1435993205767,960.0
2317,1435993205778,960.0
2318,1435993205793,1043.0
2319,1435993205814,1043.0
2320,1435993205835,1038.0
2321,1435993205854,1038.0
2322,1435993205875,1084.0
2323,1435993205896,1258.0
2324,1435993205919,1258.0
2325,1435993205940,3634.0
2326,1435993205957,3634.0
2327,1435993205978,44642.0
2328,1435993205999,44642.0
2329,1435993206028,58753.0
2330,1435993206041,58753.0
2331,1435993206055,58753.0
2332,1435993206077,58753.0
2333,1435993206093,58753.0
2334,1435993206115,58753.0
2335,1435993206139,58753.0
2336,1435993206154,0.0
2337,1435993206177,58753.0
2338,1435993206204,58753.0
2339,1435993206237,58753.0
2340,1435993206238,58753.0
2341,1435993206254,58753.0
2342,1435993206274,58753.0
2343,1435993206296,48963.0
2344,1435993206315,48963.0
2345,1435993206337,43456.0
2346,1435993206395,0.0
2347,1435993206396,41274.0
2348,1435993206398,41274.0
2349,1435993206415,24828.0
2350,1435993206436,24828.0
2351,1435993206457,13429.0
2352,1435993206476,13429.0
2353,1435993206494,4077.0
2354,1435993206515,4077.0
2355,1435993206539,1969.0
2356,1435993206559,1969.0
2357,1435993206579,1408.0
2358,1435993206600,1145.0
2359,1435993206618,1145.0
2360,1435993206638,949.0
2361,1435993206659,949.0
2362,1435993206678,894.0
2363,1435993206700,894.0
2364,1435993206719,872.0
2365,1435993206739,872.0
2366,1435993206756,848.0
2367,1435993206776,848.0
2368,1435993206796,827.0
2369,1435993206819,827.0
2370,1435993206839,827.0
2371,1435993206856,860.0
2372,1435993206878,860.0
2373,1435993206898,1023.0
2374,1435993206922,1023.0
2375,1435993206942,1048.0
2376,1435993206961,1048.0
2377,1435993206979,1013.0
2378,1435993207001,1013.0
2379,1435993207045,1063.0
2380,1435993207046,1414.0
2381,1435993207055,1414.0
2382,1435993207076,14984.0
2383,1435993207096,14984.0
2384,1435993207116,58657.0
2385,1435993207138,58657.0
2386,1435993207159,58753.0
2387,1435993207178,58753.0
2388,1435993207197,58753.0
2389,1435993207253,58753.0
2390,1435993207254,58753.0
2391,1435993207256,0.0
2392,1435993207275,58753.0
2393,1435993207298,58753.0
2394,1435993207317,58753.0
2395,1435993207353,58753.0
2396,1435993207357,58753.0
2397,1435993207377,58753.0
2398,1435993207397,55333.0
2399,1435993207415,55333.0
2400,1435993207436,46145.0
2401,1435993207458,0.0
2402,1435993207483,35195.0
2403,1435993207502,35195.0
2404,1435993207521,27598.0
2405,1435993207537,27598.0
2406,1435993207561,15284.0
2407,1435993207576,15284.0
2408,1435993207597,5279.0
2409,1435993207620,5279.0
2410,1435993207637,2158.0
2411,1435993207697,2158.0
2412,1435993207698,1583.0
2413,1435993207699,1275.0
2414,1435993207718,1275.0
2415,1435993207738,1081.0
2416,1435993207755,1081.0
2417,1435993207775,956.0
2418,1435993207797,956.0
2419,1435993207816,887.0
2420,1435993207839,887.0
2421,1435993207860,853.0
2422,1435993207879,853.0
2423,1435993207899,832.0
2424,1435993207920,825.0
2425,1435993207940,825.0
2426,1435993207960,842.0
2427,1435993207980,842.0
2428,1435993208000,962.0
2429,1435993208021,962.0
2430,1435993208040,1034.0
2431,1435993208060,1034.0
2432,1435993208082,983.0
2433,1435993208102,983.0
2434,1435993208120,980.0
2435,1435993208140,1055.0
2436,1435993208160,1055.0
2437,1435993208178,1674.0
2438,1435993208198,1674.0
2439,1435993208269,24456.0
2440,1435993208270,24456.0
2441,1435993208271,58753.0
2442,1435993208281,58753.0
2443,1435993208309,58753.0
2444,1435993208316,58753.0
2445,1435993208338,58753.0
2446,1435993208355,58753.0
2447,1435993208376,58753.0
2448,1435993208399,0.0
2449,1435993208417,58753.0
2450,1435993208438,58753.0
2451,1435993208461,58753.0
2452,1435993208479,58753.0
2453,1435993208500,58753.0
2454,1435993208519,58753.0
2455,1435993208540,58753.0
2456,1435993208560,58753.0
2457,1435993208581,56939.0
2458,1435993208600,0.0
2459,1435993208619,39141.0
2460,1435993208642,39141.0
2461,1435993208659,29448.0
2462,1435993208680,29448.0
2463,1435993208701,19220.0
2464,1435993208720,19220.0
2465,1435993208784,8184.0
2466,1435993208785,8184.0
2467,1435993208786,2405.0
2468,1435993208798,2405.0
2469,1435993208819,1748.0
2470,1435993208836,1332.0
2471,1435993208866,1332.0
2472,1435993208878,1113.0
2473,1435993208897,1113.0
2474,1435993208918,970.0
2475,1435993208937,970.0
2476,1435993208957,885.0
2477,1435993208976,885.0
2478,1435993208997,849.0
2479,1435993209018,849.0
2480,1435993209038,823.0
2481,1435993209059,815.0
2482,1435993209081,815.0
2483,1435993209101,831.0
2484,1435993209119,831.0
2485,1435993209140,940.0
2486,1435993209161,940.0
2487,1435993209182,1075.0
2488,1435993209201,1075.0
2489,1435993209220,1036.0
2490,1435993209249,1036.0
2491,1435993209260,1014.0
2492,1435993209302,1060.0
2493,1435993209303,1060.0
2494,1435993209317,1401.0
2495,1435993209337,1401.0
2496,1435993209361,14451.0
2497,1435993209378,14451.0
2498,1435993209398,57247.0
2499,1435993209422,57247.0
2500,1435993209441,58753.0
2501,1435993209464,58753.0
2502,1435993209483,58753.0
2503,1435993209502,58753.0
2504,1435993209520,58753.0
2505,1435993209540,0.0
2506,1435993209594,58753.0
2507,1435993209595,58753.0
2508,1435993209610,58753.0
2509,1435993209617,58753.0
2510,1435993209638,49761.0
2511,1435993209660,49761.0
2512,1435993209681,35789.0
2513,1435993209702,35789.0
2514,1435993209720,33136.0
2515,1435993209740,0.0
2516,1435993209761,25148.0
2517,1435993209788,25148.0
2518,1435993209803,16304.0
2519,1435993209819,16304.0
2520,1435993209841,6398.0
2521,1435993209859,6398.0
2522,1435993209879,2185.0
2523,1435993209900,2185.0
2524,1435993209920,1555.0
2525,1435993209945,1555.0
2526,1435993209964,1294.0
2527,1435993209984,1122.0
2528,1435993210005,1122.0
2529,1435993210025,1001.0
2530,1435993210041,1001.0
2531,1435993210059,919.0
2532,1435993210080,919.0
2533,1435993210099,872.0
2534,1435993210123,872.0
2535,1435993210145,849.0
2536,1435993210160,849.0
2537,1435993210182,836.0
2538,1435993210279,835.0
2539,1435993210280,835.0
2540,1435993210281,859.0
2541,1435993210282,859.0
2542,1435993210283,963.0
2543,1435993210299,963.0
2544,1435993210320,1084.0
2545,1435993210337,1084.0
2546,1435993210358,1040.0
2547,1435993210378,1040.0
2548,1435993210398,1031.0
2549,1435993210418,1083.0
2550,1435993210440,1083.0
2551,1435993210459,1410.0
2552,1435993210479,1410.0
2553,1435993210500,14934.0
2554,1435993210519,14934.0
2555,1435993210539,58753.0
2556,1435993210560,58753.0
2557,1435993210582,58753.0
2558,1435993210600,58753.0
2559,1435993210646,58753.0
2560,1435993210647,58753.0
2561,1435993210680,58753.0
2562,1435993210681,0.0
2563,1435993210698,58753.0
2564,1435993210719,58753.0
2565,1435993210740,58753.0
2566,1435993210762,58753.0
2567,1435993210782,48558.0
2568,1435993210801,48558.0
2569,1435993210820,38490.0
2570,1435993210840,38490.0
2571,1435993210861,34805.0
2572,1435993210890,0.0
2573,1435993210940,30858.0
2574,1435993210941,30858.0
2575,1435993210942,22383.0
2576,1435993210959,22383.0
2577,1435993210980,11316.0
2578,1435993210998,11316.0
2579,1435993211024,2634.0
2580,1435993211043,2634.0
2581,1435993211061,1951.0
2582,1435993211083,1951.0
2583,1435993211104,1497.0
2584,1435993211123,1267.0
2585,1435993211141,1267.0
2586,1435993211165,1107.0
2587,1435993211184,1107.0
2588,1435993211203,1002.0
2589,1435993211222,1002.0
2590,1435993211249,938.0
2591,1435993211262,938.0
2592,1435993211285,909.0
2593,1435993211299,909.0
2594,1435993211319,898.0
2595,1435993211341,908.0
2596,1435993211360,908.0
2597,1435993211380,930.0
2598,1435993211403,930.0
2599,1435993211423,996.0
2600,1435993211444,996.0
2601,1435993211462,1119.0
2602,1435993211483,1119.0
2603,1435993211503,1122.0
2604,1435993211524,1122.0
2605,1435993211630,1077.0
2606,1435993211631,1103.0
2607,1435993211632,1103.0
2608,1435993211633,1255.0
2609,1435993211634,1255.0
2610,1435993211640,3988.0
2611,1435993211659,3988.0
2612,1435993211680,45285.0
2613,1435993211701,45285.0
2614,1435993211723,58753.0
2615,1435993211744,58753.0
2616,1435993211765,58753.0
2617,1435993211785,58753.0
2618,1435993211802,58753.0
2619,1435993211822,58753.0
2620,1435993211842,58753.0
2621,1435993211860,0.0
2622,1435993211881,58753.0
2623,1435993211902,58753.0
2624,1435993211926,58753.0
2625,1435993211942,58753.0
2626,1435993211963,56655.0
2627,1435993211983,56655.0
2628,1435993212004,45254.0
2629,1435993212023,45254.0
2630,1435993212042,39095.0
2631,1435993212064,0.0
2632,1435993212084,29506.0
2633,1435993212104,29506.0
2634,1435993212124,16848.0
2635,1435993212145,16848.0
2636,1435993212164,6957.0
2637,1435993212184,6957.0
2638,1435993212268,2256.0
2639,1435993212269,2256.0
2640,1435993212270,1636.0
2641,1435993212271,1636.0
2642,1435993212282,1336.0
2643,1435993212303,1160.0
2644,1435993212319,1160.0
2645,1435993212340,1043.0
2646,1435993212361,1043.0
2647,1435993212380,964.0
2648,1435993212403,964.0
2649,1435993212425,926.0
2650,1435993212445,926.0
2651,1435993212461,905.0
2652,1435993212486,905.0
2653,1435993212505,894.0
2654,1435993212524,894.0
2655,1435993212545,894.0
2656,1435993212566,939.0
2657,1435993212581,939.0
2658,1435993212605,1072.0
2659,1435993212622,1072.0
2660,1435993212641,1093.0
2661,1435993212663,1093.0
2662,1435993212684,1065.0
2663,1435993212704,1065.0
2664,1435993212725,1103.0
2665,1435993212744,1293.0
2666,1435993212762,1293.0
2667,1435993212789,6989.0
2668,1435993212807,6989.0
2669,1435993212831,54354.0
2670,1435993212872,54354.0
2671,1435993212873,58753.0
2672,1435993212888,58753.0
2673,1435993212905,58753.0
2674,1435993212920,58753.0
2675,1435993212942,58753.0
2676,1435993212965,58753.0
2677,1435993212984,58753.0
2678,1435993213002,0.0
2679,1435993213026,58753.0
2680,1435993213045,58753.0
2681,1435993213065,58753.0
2682,1435993213083,58753.0
2683,1435993213105,54672.0
2684,1435993213124,54672.0
2685,1435993213145,53789.0
2686,1435993213165,53789.0
2687,1435993213185,41837.0
2688,1435993213206,0.0
2689,1435993213222,26234.0
2690,1435993213249,26234.0
2691,1435993213267,14768.0
2692,1435993213308,14768.0
2693,1435993213309,5281.0
2694,1435993213334,5281.0
2695,1435993213341,2163.0
2696,1435993213361,2163.0
2697,1435993213383,1587.0
2698,1435993213401,1587.0
2699,1435993213422,1259.0
2700,1435993213443,1078.0
2701,1435993213465,1078.0
2702,1435993213539,958.0
2703,1435993213544,958.0
2704,1435993213545,904.0
2705,1435993213546,904.0
2706,1435993213562,880.0
2707,1435993213581,880.0
2708,1435993213601,858.0
2709,1435993213625,858.0
2710,1435993213642,842.0
2711,1435993213661,862.0
2712,1435993213684,862.0
2713,1435993213705,1002.0
2714,1435993213725,1002.0
2715,1435993213747,1020.0
2716,1435993213767,1020.0
2717,1435993213789,975.0
2718,1435993213805,975.0
2719,1435993213822,1026.0
2720,1435993213842,1026.0
2721,1435993213868,1279.0
2722,1435993213883,9588.0
2723,1435993213907,9588.0
2724,1435993213929,58368.0
2725,1435993213947,58368.0
2726,1435993213965,58753.0
2727,1435993213997,58753.0
2728,1435993214003,58753.0
2729,1435993214022,58753.0
2730,1435993214042,58753.0
2731,1435993214066,58753.0
2732,1435993214088,58753.0
2733,1435993214105,0.0
2734,1435993214122,58753.0
2735,1435993214170,58753.0
2736,1435993214171,58753.0
2737,1435993214188,58753.0
2738,1435993214201,58668.0
2739,1435993214222,58668.0
2740,1435993214242,57369.0
2741,1435993214264,57369.0
2742,1435993214285,53403.0
2743,1435993214302,0.0
2744,1435993214322,39832.0
2745,1435993214343,39832.0
2746,1435993214362,25893.0
2747,1435993214382,25893.0
2748,1435993214407,12266.0
2749,1435993214426,12266.0
2750,1435993214446,3266.0
2751,1435993214467,3266.0
2752,1435993214486,1873.0
2753,1435993214506,1873.0
2754,1435993214527,1360.0
2755,1435993214546,1114.0
2756,1435993214566,1114.0
2757,1435993214587,964.0
2758,1435993214606,964.0
2759,1435993214626,872.0
2760,1435993214647,872.0
2761,1435993214666,830.0
2762,1435993214686,830.0
2763,1435993214707,795.0
2764,1435993214726,795.0
2765,1435993214746,771.0
2766,1435993214766,782.0
2767,1435993214843,782.0
2768,1435993214844,871.0
2769,1435993214845,871.0
2770,1435993214846,1031.0
2771,1435993214862,1031.0
2772,1435993214884,1008.0
2773,1435993214902,1008.0
2774,1435993214922,1019.0
2775,1435993214946,1019.0
2776,1435993214968,1171.0
2777,1435993214987,2759.0
2778,1435993215008,2759.0
2779,1435993215026,43462.0
2780,1435993215048,43462.0
2781,1435993215067,58753.0
2782,1435993215087,58753.0
2783,1435993215107,58753.0
2784,1435993215126,58753.0
2785,1435993215145,58753.0
2786,1435993215167,58753.0
2787,1435993215189,58753.0
2788,1435993215205,0.0
2789,1435993215227,58753.0
2790,1435993215252,58753.0
2791,1435993215269,58753.0
2792,1435993215298,58753.0
2793,1435993215305,58753.0
2794,1435993215323,58753.0
2795,1435993215344,58753.0
2796,1435993215365,58753.0
2797,1435993215385,52398.0
2798,1435993215412,0.0
2799,1435993215455,47595.0
2800,1435993215456,47595.0
2801,1435993215471,25754.0
2802,1435993215492,25754.0
2803,1435993215505,14366.0
2804,1435993215523,14366.0
2805,1435993215547,5553.0
2806,1435993215564,5553.0
2807,1435993215584,2165.0
2808,1435993215609,2165.0
2809,1435993215627,1573.0
2810,1435993215669,1245.0
2811,1435993215670,1245.0
2812,1435993215684,1059.0
2813,1435993215703,1059.0
2814,1435993215723,938.0
2815,1435993215743,938.0
2816,1435993215763,872.0
2817,1435993215783,872.0
2818,1435993215804,832.0
2819,1435993215823,832.0
2820,1435993215844,803.0
2821,1435993215865,798.0
2822,1435993215887,798.0
2823,1435993215908,864.0
2824,1435993215927,864.0
2825,1435993215946,1017.0
2826,1435993215968,1017.0
2827,1435993215988,1045.0
2828,1435993216008,1045.0
2829,1435993216028,998.0
2830,1435993216045,998.0
2831,1435993216070,1057.0
2832,1435993216137,1461.0
2833,1435993216138,1461.0
2834,1435993216139,16587.0
2835,1435993216145,16587.0
2836,1435993216166,58753.0
2837,1435993216188,58753.0
2838,1435993216206,58753.0
2839,1435993216225,58753.0
2840,1435993216244,58753.0
2841,1435993216268,58753.0
2842,1435993216288,58753.0
2843,1435993216307,0.0
2844,1435993216339,58753.0
2845,1435993216345,58753.0
2846,1435993216365,58753.0
2847,1435993216387,58753.0
2848,1435993216407,58753.0
2849,1435993216428,58753.0
2850,1435993216454,52699.0
2851,1435993216469,52699.0
2852,1435993216488,41707.0
2853,1435993216511,0.0
2854,1435993216528,33721.0
2855,1435993216552,33721.0
2856,1435993216570,22073.0
2857,1435993216586,22073.0
2858,1435993216605,11049.0
2859,1435993216626,11049.0
2860,1435993216651,2630.0
2861,1435993216671,2630.0
2862,1435993216693,1972.0
2863,1435993216706,1972.0
2864,1435993216728,1505.0
2865,1435993216803,1260.0
2866,1435993216804,1260.0
2867,1435993216805,1088.0
2868,1435993216808,1088.0
2869,1435993216824,966.0
2870,1435993216845,966.0
2871,1435993216865,879.0
2872,1435993216884,879.0
2873,1435993216906,832.0
2874,1435993216930,832.0
2875,1435993216950,792.0
2876,1435993216967,766.0
2877,1435993216989,766.0
2878,1435993217008,779.0
2879,1435993217028,779.0
2880,1435993217049,867.0
2881,1435993217069,867.0
2882,1435993217090,1001.0
2883,1435993217109,1001.0
2884,1435993217128,976.0
2885,1435993217146,976.0
2886,1435993217167,1004.0
2887,1435993217186,1143.0
2888,1435993217211,1143.0
2889,1435993217233,1908.0
2890,1435993217257,1908.0
2891,1435993217269,27301.0
2892,1435993217301,27301.0
2893,1435993217367,58753.0
2894,1435993217368,58753.0
2895,1435993217369,58753.0
2896,1435993217370,58753.0
2897,1435993217385,58753.0
2898,1435993217407,58753.0
2899,1435993217425,58753.0
2900,1435993217444,0.0
2901,1435993217465,58753.0
2902,1435993217484,58753.0
2903,1435993217504,58753.0
2904,1435993217525,58753.0
2905,1435993217544,58753.0
2906,1435993217564,58753.0
2907,1435993217585,54430.0
2908,1435993217604,54430.0
2909,1435993217625,55729.0
2910,1435993217645,0.0
2911,1435993217664,35481.0
2912,1435993217684,35481.0
2913,1435993217713,23663.0
2914,1435993217730,23663.0
2915,1435993217746,13714.0
2916,1435993217775,13714.0
2917,1435993217791,4835.0
2918,1435993217807,4835.0
2919,1435993217828,2162.0
2920,1435993217846,2162.0
2921,1435993217866,1583.0
2922,1435993217894,1254.0
2923,1435993217912,1254.0
2924,1435993217929,1066.0
2925,1435993217954,1066.0
2926,1435993217998,937.0
2927,1435993217999,937.0
2928,1435993218009,889.0
2929,1435993218029,889.0
2930,1435993218046,848.0
2931,1435993218067,848.0
2932,1435993218086,809.0
2933,1435993218106,787.0
2934,1435993218127,787.0
2935,1435993218150,804.0
2936,1435993218170,804.0
2937,1435993218192,930.0
2938,1435993218211,930.0
2939,1435993218229,1067.0
2940,1435993218253,1067.0
2941,1435993218295,1051.0
2942,1435993218296,1051.0
2943,1435993218307,1114.0
2944,1435993218326,1322.0
2945,1435993218347,1322.0
2946,1435993218367,5060.0
2947,1435993218388,5060.0
2948,1435993218409,53507.0
2949,1435993218428,53507.0
2950,1435993218450,58753.0
2951,1435993218470,58753.0
2952,1435993218490,58753.0
2953,1435993218508,58753.0
2954,1435993218528,58753.0
2955,1435993218550,58753.0
2956,1435993218570,58753.0
2957,1435993218589,0.0
2958,1435993218609,58753.0
2959,1435993218660,58753.0
2960,1435993218661,58753.0
2961,1435993218673,58753.0
2962,1435993218689,58753.0
2963,1435993218707,58753.0
2964,1435993218729,55947.0
2965,1435993218748,55947.0
2966,1435993218768,47292.0
2967,1435993218794,0.0
2968,1435993218807,29705.0
2969,1435993218826,29705.0
2970,1435993218846,17954.0
2971,1435993218868,17954.0
2972,1435993218888,8417.0
2973,1435993218911,8417.0
2974,1435993218930,2475.0
2975,1435993218950,2475.0
2976,1435993218971,1828.0
2977,1435993218990,1828.0
2978,1435993219010,1382.0
2979,1435993219032,1158.0
2980,1435993219051,1158.0
2981,1435993219070,1026.0
2982,1435993219089,1026.0
2983,1435993219108,937.0
2984,1435993219128,937.0
2985,1435993219164,891.0
2986,1435993219168,891.0
2987,1435993219188,845.0
2988,1435993219208,845.0
2989,1435993219226,814.0
2990,1435993219247,822.0
2991,1435993219273,822.0
2992,1435993219297,900.0
2993,1435993219330,900.0
2994,1435993219331,1071.0
2995,1435993219353,1071.0
2996,1435993219366,1061.0
2997,1435993219387,1061.0
2998,1435993219406,1069.0
2999,1435993219426,1069.0
3000,1435993219447,1181.0
3001,1435993219466,1810.0
3002,1435993219487,1810.0
3003,1435993219507,23846.0
3004,1435993219527,23846.0
3005,1435993219547,58753.0
3006,1435993219567,58753.0
3007,1435993219587,58753.0
3008,1435993219607,58753.0
3009,1435993219627,58753.0
3010,1435993219649,58753.0
3011,1435993219668,58753.0
3012,1435993219689,0.0
3013,1435993219709,58753.0
3014,1435993219731,58753.0
3015,1435993219749,58753.0
3016,1435993219776,58753.0
3017,1435993219791,58753.0
3018,1435993219811,58753.0
3019,1435993219828,58753.0
3020,1435993219848,58753.0
3021,1435993219870,48698.0
3022,1435993219891,0.0
3023,1435993219920,34194.0
3024,1435993219974,34194.0
3025,1435993219977,20131.0
3026,1435993219978,20131.0
3027,1435993219989,8958.0
3028,1435993220008,8958.0
3029,1435993220027,2491.0
3030,1435993220050,2491.0
3031,1435993220069,1820.0
3032,1435993220088,1820.0
3033,1435993220112,1430.0
3034,1435993220131,1226.0
3035,1435993220150,1226.0
3036,1435993220172,1091.0
3037,1435993220196,1091.0
3038,1435993220211,996.0
3039,1435993220297,996.0
3040,1435993220298,932.0
3041,1435993220299,932.0
3042,1435993220300,873.0
3043,1435993220308,873.0
3044,1435993220332,825.0
3045,1435993220348,823.0
3046,1435993220367,823.0
3047,1435993220409,880.0
3048,1435993220410,880.0
3049,1435993220428,1032.0
3050,1435993220447,1032.0
3051,1435993220468,1091.0
3052,1435993220487,1091.0
3053,1435993220507,1060.0
3054,1435993220528,1060.0
3055,1435993220547,1123.0
3056,1435993220567,1403.0
3057,1435993220588,1403.0
3058,1435993220607,8774.0
3059,1435993220627,8774.0
3060,1435993220650,58103.0
3061,1435993220667,58103.0
3062,1435993220688,58753.0
3063,1435993220708,58753.0
3064,1435993220727,58753.0
3065,1435993220754,58753.0
3066,1435993220771,58753.0
3067,1435993220790,58753.0
3068,1435993220812,58753.0
3069,1435993220832,0.0
3070,1435993220850,58753.0
3071,1435993220874,58753.0
3072,1435993220892,58753.0
3073,1435993220913,58753.0
3074,1435993220935,58753.0
3075,1435993220955,58753.0
3076,1435993220970,55454.0
3077,1435993220992,55454.0
3078,1435993221026,42228.0
3079,1435993221034,0.0
3080,1435993221052,29428.0
3081,1435993221073,29428.0
3082,1435993221093,16668.0
3083,1435993221110,16668.0
3084,1435993221155,6569.0
3085,1435993221156,6569.0
3086,1435993221180,2356.0
3087,1435993221190,2356.0
3088,1435993221208,1776.0
3089,1435993221231,1776.0
3090,1435993221252,1411.0
3091,1435993221269,1195.0
3092,1435993221289,1195.0
3093,1435993221315,1060.0
3094,1435993221332,1060.0
3095,1435993221353,980.0
3096,1435993221376,980.0
3097,1435993221392,927.0
3098,1435993221413,927.0
3099,1435993221434,861.0
3100,1435993221452,861.0
3101,1435993221473,835.0
3102,1435993221494,878.0
3103,1435993221524,878.0
3104,1435993221537,1023.0
3105,1435993221551,1023.0
3106,1435993221570,1191.0
3107,1435993221590,1191.0
3108,1435993221611,1141.0
3109,1435993221634,1141.0
3110,1435993221655,1160.0
3111,1435993221674,1160.0
3112,1435993221693,1306.0
3113,1435993221713,2346.0
3114,1435993221734,2346.0
3115,1435993221755,38820.0
3116,1435993221780,38820.0
3117,1435993221844,58753.0
3118,1435993221845,58753.0
3119,1435993221846,58753.0
3120,1435993221857,58753.0
3121,1435993221871,58753.0
3122,1435993221889,58753.0
3123,1435993221911,58753.0
3124,1435993221934,0.0
3125,1435993221949,58753.0
3126,1435993221970,58753.0
3127,1435993221991,58753.0
3128,1435993222017,58753.0
3129,1435993222035,57463.0
3130,1435993222100,57463.0
3131,1435993222101,51737.0
3132,1435993222102,51737.0
3133,1435993222110,49530.0
3134,1435993222130,0.0
3135,1435993222153,31178.0
3136,1435993222172,31178.0
3137,1435993222197,16931.0
3138,1435993222213,16931.0
3139,1435993222231,6988.0
3140,1435993222250,6988.0
3141,1435993222277,2436.0
3142,1435993222294,2436.0
3143,1435993222312,1855.0
3144,1435993222335,1855.0
3145,1435993222351,1512.0
3146,1435993222377,1296.0
3147,1435993222397,1296.0
3148,1435993222417,1147.0
3149,1435993222434,1147.0
3150,1435993222455,1049.0
3151,1435993222539,1049.0
3152,1435993222540,1000.0
3153,1435993222541,1000.0
3154,1435993222542,953.0
3155,1435993222550,953.0
3156,1435993222571,943.0
3157,1435993222590,999.0
3158,1435993222610,999.0
3159,1435993222630,1121.0
3160,1435993222654,1121.0
3161,1435993222674,1260.0
3162,1435993222695,1260.0
3163,1435993222712,1221.0
3164,1435993222734,1221.0
3165,1435993222755,1206.0
3166,1435993222775,1206.0
3167,1435993222794,1308.0
3168,1435993222815,2091.0
3169,1435993222834,2091.0
3170,1435993222854,29823.0
3171,1435993222877,29823.0
3172,1435993222894,58753.0
3173,1435993222914,58753.0
3174,1435993222935,58753.0
3175,1435993222956,58753.0
3176,1435993222975,58753.0
3177,1435993222995,58753.0
3178,1435993223016,58753.0
3179,1435993223034,0.0
3180,1435993223052,58753.0
3181,1435993223071,58753.0
3182,1435993223095,58753.0
3183,1435993223160,58753.0
3184,1435993223161,58127.0
3185,1435993223162,58127.0
3186,1435993223171,50013.0
3187,1435993223196,50013.0
3188,1435993223211,39501.0
3189,1435993223232,0.0
3190,1435993223253,27280.0
3191,1435993223273,27280.0
3192,1435993223292,14796.0
3193,1435993223317,14796.0
3194,1435993223334,4639.0
3195,1435993223353,4639.0
3196,1435993223376,2184.0
3197,1435993223394,2184.0
3198,1435993223417,1641.0
3199,1435993223435,1641.0
3200,1435993223454,1362.0
3201,1435993223477,1189.0
3202,1435993223497,1189.0
3203,1435993223513,1086.0
3204,1435993223535,1086.0
3205,1435993223555,1023.0
3206,1435993223575,1023.0
3207,1435993223595,979.0
3208,1435993223612,979.0
3209,1435993223635,938.0
3210,1435993223655,938.0
3211,1435993223675,952.0
3212,1435993223696,1010.0
3213,1435993223716,1010.0
3214,1435993223736,1147.0
3215,1435993223756,1147.0
3216,1435993223775,1308.0
3217,1435993223816,1308.0
3218,1435993223817,1263.0
3219,1435993223832,1263.0
3220,1435993223852,1287.0
3221,1435993223872,1287.0
3222,1435993223895,1444.0
3223,1435993223915,2884.0
3224,1435993223936,2884.0
3225,1435993223952,46358.0
3226,1435993223975,46358.0
3227,1435993223995,58753.0
3228,1435993224027,58753.0
3229,1435993224034,58753.0
3230,1435993224053,58753.0
3231,1435993224074,58753.0
3232,1435993224092,58753.0
3233,1435993224114,58753.0
3234,1435993224134,0.0
3235,1435993224153,58753.0
3236,1435993224172,58753.0
3237,1435993224194,58753.0
3238,1435993224216,58753.0
3239,1435993224241,58753.0
3240,1435993224256,58753.0
3241,1435993224275,58753.0
3242,1435993224292,58753.0
3243,1435993224380,53343.0
3244,1435993224381,0.0
3245,1435993224382,44074.0
3246,1435993224383,44074.0
3247,1435993224394,29583.0
3248,1435993224411,29583.0
3249,1435993224434,16266.0
3250,1435993224451,16266.0
3251,1435993224474,5729.0
3252,1435993224494,5729.0
3253,1435993224511,2306.0
3254,1435993224531,2306.0
3255,1435993224553,1731.0
3256,1435993224571,1421.0
3257,1435993224591,1421.0
3258,1435993224612,1271.0
3259,1435993224631,1271.0
3260,1435993224651,1160.0
3261,1435993224672,1160.0
3262,1435993224691,1133.0
3263,1435993224711,1133.0
3264,1435993224732,1122.0
3265,1435993224751,1122.0
3266,1435993224779,1129.0
3267,1435993224796,1199.0
3268,1435993224815,1199.0
3269,1435993224836,1302.0
3270,1435993224855,1302.0
3271,1435993224876,1454.0
3272,1435993224896,1454.0
3273,1435993224917,1492.0
3274,1435993224936,1492.0
3275,1435993224957,1440.0
3276,1435993224977,1440.0
3277,1435993224996,1456.0
3278,1435993225019,1713.0
3279,1435993225094,1713.0
3280,1435993225095,10100.0
3281,1435993225096,10100.0
3282,1435993225097,58753.0
3283,1435993225112,58753.0
3284,1435993225132,58753.0
3285,1435993225153,58753.0
3286,1435993225173,58753.0
3287,1435993225195,58753.0
3288,1435993225214,58753.0
3289,1435993225238,58753.0
3290,1435993225254,58753.0
3291,1435993225281,0.0
3292,1435993225294,58753.0
3293,1435993225316,58753.0
3294,1435993225360,58753.0
3295,1435993225361,58753.0
3296,1435993225374,58753.0
3297,1435993225393,58753.0
3298,1435993225412,58753.0
3299,1435993225432,58753.0
3300,1435993225454,56868.0
3301,1435993225473,0.0
3302,1435993225494,38950.0
3303,1435993225524,38950.0
3304,1435993225535,3697.0
3305,1435993225556,3697.0
3306,1435993225576,1391.0
3307,1435993225604,1391.0
3308,1435993225619,1365.0
3309,1435993225707,1365.0
3310,1435993225708,1428.0
3311,1435993225709,1428.0
3312,1435993225710,1436.0
3313,1435993225712,1418.0
3314,1435993225732,1418.0
3315,1435993225753,1390.0
3316,1435993225772,1390.0
3317,1435993225793,1350.0
3318,1435993225814,1350.0
3319,1435993225837,1339.0
3320,1435993225857,1339.0
3321,1435993225878,1335.0
3322,1435993225898,1335.0
3323,1435993225916,1340.0
3324,1435993225938,1337.0
3325,1435993225957,1337.0
3326,1435993225977,1405.0
3327,1435993225996,1405.0
3328,1435993226017,1568.0
3329,1435993226041,1568.0
3330,1435993226057,1578.0
3331,1435993226074,1578.0
3332,1435993226094,1633.0
3333,1435993226117,1633.0
3334,1435993226138,2191.0
3335,1435993226159,28588.0
3336,1435993226178,28588.0
3337,1435993226198,58753.0
3338,1435993226215,58753.0
3339,1435993226238,58753.0
3340,1435993226306,58753.0
3341,1435993226307,58753.0
3342,1435993226308,58753.0
3343,1435993226314,58753.0
3344,1435993226334,58753.0
3345,1435993226355,0.0
3346,1435993226378,58753.0
3347,1435993226395,58753.0
3348,1435993226416,58753.0
3349,1435993226435,58753.0
3350,1435993226458,58753.0
3351,1435993226478,58753.0
3352,1435993226497,58753.0
3353,1435993226516,58753.0
3354,1435993226540,58753.0
3355,1435993226558,0.0
3356,1435993226575,56917.0
3357,1435993226595,56917.0
3358,1435993226616,49993.0
3359,1435993226652,49993.0
3360,1435993226660,6431.0
3361,1435993226676,6431.0
3362,1435993226697,1217.0
3363,1435993226724,1217.0
3364,1435993226737,1299.0
3365,1435993226757,1299.0
3366,1435993226777,1439.0
3367,1435993226797,1486.0
3368,1435993226817,1486.0
3369,1435993226838,1467.0
3370,1435993226858,1467.0
3371,1435993226877,1403.0
3372,1435993226898,1403.0
3373,1435993226924,1303.0
3374,1435993226977,1303.0
3375,1435993226978,1190.0
3376,1435993226979,1190.0
3377,1435993226995,1103.0
3378,1435993227018,1005.0
3379,1435993227036,1005.0
3380,1435993227054,908.0
3381,1435993227075,908.0
3382,1435993227094,850.0
3383,1435993227116,850.0
3384,1435993227136,1036.0
3385,1435993227158,1036.0
3386,1435993227177,1160.0
3387,1435993227201,1160.0
3388,1435993227218,1165.0
3389,1435993227238,1279.0
3390,1435993227259,1279.0
3391,1435993227284,1819.0
3392,1435993227297,1819.0
3393,1435993227321,20224.0
3394,1435993227342,20224.0
3395,1435993227358,58753.0
3396,1435993227379,58753.0
3397,1435993227396,58753.0
3398,1435993227417,58753.0
3399,1435993227437,58753.0
3400,1435993227461,58753.0
3401,1435993227482,58753.0
3402,1435993227502,0.0
3403,1435993227517,58753.0
3404,1435993227601,58753.0
3405,1435993227602,58753.0
3406,1435993227603,58753.0
3407,1435993227604,58753.0
3408,1435993227616,58753.0
3409,1435993227634,58753.0
3410,1435993227654,58753.0
3411,1435993227676,58753.0
3412,1435993227695,0.0
3413,1435993227715,57364.0
3414,1435993227735,57364.0
3415,1435993227758,5779.0
3416,1435993227778,5779.0
3417,1435993227798,1205.0
3418,1435993227820,1205.0
3419,1435993227839,1217.0
3420,1435993227860,1217.0
3421,1435993227879,1307.0
3422,1435993227897,1307.0
3423,1435993227918,1312.0
3424,1435993227939,1265.0
3425,1435993227957,1265.0
3426,1435993227978,1183.0
3427,1435993227997,1183.0
3428,1435993228021,1075.0
3429,1435993228041,1075.0
3430,1435993228066,967.0
3431,1435993228077,967.0
3432,1435993228097,890.0
3433,1435993228117,890.0
3434,1435993228137,826.0
3435,1435993228168,778.0
3436,1435993228227,778.0
3437,1435993228228,776.0
3438,1435993228229,776.0
3439,1435993228248,934.0
3440,1435993228256,934.0
3441,1435993228276,945.0
3442,1435993228296,945.0
3443,1435993228316,983.0
3444,1435993228338,983.0
3445,1435993228359,1213.0
3446,1435993228379,2754.0
3447,1435993228400,2754.0
3448,1435993228420,32471.0
3449,1435993228439,32471.0
3450,1435993228460,58753.0
3451,1435993228479,58753.0
3452,1435993228500,58753.0
3453,1435993228520,58753.0
3454,1435993228540,58753.0
3455,1435993228562,58753.0
3456,1435993228580,58753.0
3457,1435993228597,0.0
3458,1435993228617,58753.0
3459,1435993228637,58753.0
3460,1435993228657,58753.0
3461,1435993228680,58753.0
3462,1435993228704,58753.0
3463,1435993228720,58753.0
3464,1435993228737,58753.0
3465,1435993228759,58753.0
3466,1435993228778,58753.0
3467,1435993228801,0.0
3468,1435993228881,58753.0
3469,1435993228882,58753.0
3470,1435993228883,9660.0
3471,1435993228884,9660.0
3472,1435993228896,1066.0
3473,1435993228918,1066.0
3474,1435993228938,1098.0
3475,1435993228961,1098.0
3476,1435993228978,1333.0
3477,1435993228999,1333.0
3478,1435993229021,1359.0
3479,1435993229038,1288.0
3480,1435993229061,1288.0
3481,1435993229077,1192.0
3482,1435993229097,1192.0
3483,1435993229118,1086.0
3484,1435993229137,1086.0
3485,1435993229160,962.0
3486,1435993229181,962.0
3487,1435993229198,855.0
3488,1435993229227,855.0
3489,1435993229244,774.0
3490,1435993229260,712.0
3491,1435993229278,712.0
3492,1435993229299,682.0
3493,1435993229320,682.0
3494,1435993229339,809.0
3495,1435993229360,809.0
3496,1435993229380,997.0
3497,1435993229400,997.0
3498,1435993229418,939.0
3499,1435993229446,939.0
3500,1435993229458,1008.0
3501,1435993229479,1324.0
3502,1435993229499,1324.0
3503,1435993229517,9147.0
3504,1435993229536,9147.0
3505,1435993229556,57442.0
3506,1435993229576,57442.0
3507,1435993229597,58753.0
3508,1435993229616,58753.0
3509,1435993229636,58753.0
3510,1435993229657,58753.0
3511,1435993229676,58753.0
3512,1435993229696,58753.0
3513,1435993229718,58753.0
3514,1435993229736,0.0
3515,1435993229756,58753.0
3516,1435993229779,58753.0
3517,1435993229800,58753.0
3518,1435993229819,58753.0
3519,1435993229840,58753.0
3520,1435993229861,58753.0
3521,1435993229880,58753.0
3522,1435993229899,58753.0
3523,1435993229920,58753.0
3524,1435993229939,0.0
3525,1435993229961,47473.0
3526,1435993229981,47473.0
3527,1435993230001,26975.0
3528,1435993230019,26975.0
3529,1435993230051,13193.0
3530,1435993230064,13193.0
3531,1435993230083,3295.0
3532,1435993230162,3295.0
3533,1435993230163,1951.0
3534,1435993230164,1951.0
3535,1435993230165,1437.0
3536,1435993230178,1177.0
3537,1435993230197,1177.0
3538,1435993230217,1019.0
3539,1435993230260,1019.0
3540,1435993230261,907.0
3541,1435993230278,907.0
3542,1435993230298,831.0
3543,1435993230320,831.0
3544,1435993230340,762.0
3545,1435993230361,762.0
3546,1435993230380,721.0
3547,1435993230400,734.0
3548,1435993230421,734.0
3549,1435993230440,867.0
3550,1435993230461,867.0
3551,1435993230481,993.0
3552,1435993230506,993.0
3553,1435993230521,955.0
3554,1435993230544,955.0
3555,1435993230559,1021.0
3556,1435993230579,1021.0
3557,1435993230599,1332.0
3558,1435993230619,8107.0
3559,1435993230639,8107.0
3560,1435993230661,58700.0
3561,1435993230683,58700.0
3562,1435993230702,58753.0
3563,1435993230720,58753.0
3564,1435993230742,58753.0
3565,1435993230768,58753.0
3566,1435993230826,58753.0
3567,1435993230827,58753.0
3568,1435993230828,58753.0
3569,1435993230841,0.0
3570,1435993230858,58753.0
3571,1435993230878,58753.0
3572,1435993230902,58753.0
3573,1435993230921,58753.0
3574,1435993230940,58753.0
3575,1435993230962,58753.0
3576,1435993230983,58753.0
3577,1435993231000,58753.0
3578,1435993231020,52700.0
3579,1435993231044,0.0
3580,1435993231059,41922.0
3581,1435993231079,41922.0
3582,1435993231101,25227.0
3583,1435993231119,25227.0
3584,1435993231139,15514.0
3585,1435993231163,15514.0
3586,1435993231180,4843.0
3587,1435993231202,4843.0
3588,1435993231225,2147.0
3589,1435993231246,2147.0
3590,1435993231261,1590.0
3591,1435993231286,1124.0
3592,1435993231305,1124.0
3593,1435993231324,1036.0
3594,1435993231343,1036.0
3595,1435993231359,950.0
3596,1435993231462,950.0
3597,1435993231463,854.0
3598,1435993231464,854.0
3599,1435993231465,785.0
3600,1435993231466,785.0
3601,1435993231478,725.0
3602,1435993231499,707.0
3603,1435993231524,707.0
3604,1435993231538,762.0
3605,1435993231558,762.0
3606,1435993231579,971.0
3607,1435993231599,971.0
3608,1435993231619,952.0
3609,1435993231641,952.0
3610,1435993231660,936.0
3611,1435993231683,936.0
3612,1435993231703,1088.0
3613,1435993231722,1771.0
3614,1435993231741,1771.0
3615,1435993231762,22980.0
3616,1435993231784,22980.0
3617,1435993231802,58753.0
3618,1435993231824,58753.0
3619,1435993231841,58753.0
3620,1435993231862,58753.0
3621,1435993231885,58753.0
3622,1435993231904,58753.0
3623,1435993231926,58753.0
3624,1435993231944,0.0
3625,1435993231961,58753.0
3626,1435993231981,58753.0
3627,1435993232003,58753.0
3628,1435993232106,58753.0
3629,1435993232107,58753.0
3630,1435993232108,58753.0
3631,1435993232109,58753.0
3632,1435993232110,58753.0
3633,1435993232120,58753.0
3634,1435993232139,0.0
3635,1435993232159,49251.0
3636,1435993232181,49251.0
3637,1435993232200,34326.0
3638,1435993232221,34326.0
3639,1435993232244,18915.0
3640,1435993232261,18915.0
3641,1435993232284,7346.0
3642,1435993232305,7346.0
3643,1435993232323,2305.0
3644,1435993232343,2305.0
3645,1435993232365,1751.0
3646,1435993232383,1364.0
3647,1435993232403,1364.0
3648,1435993232424,1151.0
3649,1435993232443,1151.0
3650,1435993232462,998.0
3651,1435993232483,998.0
3652,1435993232501,885.0
3653,1435993232528,885.0
3654,1435993232546,804.0
3655,1435993232561,804.0
3656,1435993232580,736.0
3657,1435993232601,694.0
3658,1435993232620,694.0
3659,1435993232643,711.0
3660,1435993232664,711.0
3661,1435993232727,905.0
3662,1435993232728,905.0
3663,1435993232729,1007.0
3664,1435993232743,1007.0
3665,1435993232760,919.0
3666,1435993232785,919.0
3667,1435993232801,995.0
3668,1435993232827,1328.0
3669,1435993232841,1328.0
3670,1435993232861,8061.0
3671,1435993232881,8061.0
3672,1435993232903,57840.0
3673,1435993232923,57840.0
3674,1435993232940,58753.0
3675,1435993232965,58753.0
3676,1435993232984,58753.0
3677,1435993233001,58753.0
3678,1435993233025,58753.0
3679,1435993233042,58753.0
3680,1435993233063,58753.0
3681,1435993233087,0.0
3682,1435993233101,58753.0
3683,1435993233121,58753.0
3684,1435993233148,58753.0
3685,1435993233164,58753.0
3686,1435993233184,58753.0
3687,1435993233204,58753.0
3688,1435993233226,58753.0
3689,1435993233250,58753.0
3690,1435993233268,51686.0
3691,1435993233284,0.0
3692,1435993233301,43891.0
3693,1435993233330,43891.0
3694,1435993233356,22055.0
3695,1435993233372,22055.0
3696,1435993233395,11018.0
3697,1435993233402,11018.0
3698,1435993233420,2706.0
3699,1435993233459,2706.0
3700,1435993233460,1984.0
3701,1435993233480,1984.0
3702,1435993233502,1491.0
3703,1435993233520,1234.0
3704,1435993233540,1234.0
3705,1435993233563,1078.0
3706,1435993233580,1078.0
3707,1435993233600,955.0
3708,1435993233620,955.0
3709,1435993233640,850.0
3710,1435993233660,850.0
3711,1435993233680,774.0
3712,1435993233700,774.0
3713,1435993233720,713.0
3714,1435993233741,694.0
3715,1435993233761,694.0
3716,1435993233780,771.0
3717,1435993233805,771.0
3718,1435993233824,1006.0
3719,1435993233851,1006.0
3720,1435993233863,931.0
3721,1435993233884,931.0
3722,1435993233901,919.0
3723,1435993233924,919.0
3724,1435993233945,1091.0
3725,1435993233962,1798.0
3726,1435993233996,1798.0
3727,1435993234003,21370.0
3728,1435993234022,21370.0
3729,1435993234043,58753.0
3730,1435993234065,58753.0
3731,1435993234083,58753.0
3732,1435993234103,58753.0
3733,1435993234121,58753.0
3734,1435993234142,58753.0
3735,1435993234163,58753.0
3736,1435993234182,0.0
3737,1435993234207,58753.0
3738,1435993234226,58753.0
3739,1435993234245,58753.0
3740,1435993234263,58753.0
3741,1435993234294,58753.0
3742,1435993234305,58753.0
3743,1435993234327,49996.0
3744,1435993234344,49996.0
3745,1435993234366,42411.0
3746,1435993234385,0.0
3747,1435993234405,31273.0
3748,1435993234425,31273.0
3749,1435993234451,18972.0
3750,1435993234466,18972.0
3751,1435993234485,9090.0
3752,1435993234505,9090.0
3753,1435993234525,2466.0
3754,1435993234546,2466.0
3755,1435993234566,1826.0
3756,1435993234588,1826.0
3757,1435993234653,1424.0
3758,1435993234654,1194.0
3759,1435993234655,1194.0
3760,1435993234665,1053.0
3761,1435993234681,1053.0
3762,1435993234702,957.0
3763,1435993234721,957.0
3764,1435993234743,868.0
3765,1435993234764,868.0
3766,1435993234786,791.0
3767,1435993234805,791.0
3768,1435993234826,724.0
3769,1435993234846,695.0
3770,1435993234863,695.0
3771,1435993234886,735.0
3772,1435993234906,735.0
3773,1435993234926,934.0
3774,1435993234946,934.0
3775,1435993234965,969.0
3776,1435993234986,969.0
3777,1435993235007,907.0
3778,1435993235025,907.0
3779,1435993235046,1006.0
3780,1435993235067,1395.0
3781,1435993235088,1395.0
3782,1435993235120,11790.0
3783,1435993235128,11790.0
3784,1435993235141,58753.0
3785,1435993235161,58753.0
3786,1435993235182,58753.0
3787,1435993235202,58753.0
3788,1435993235269,58753.0
3789,1435993235270,58753.0
3790,1435993235271,58753.0
3791,1435993235290,0.0
3792,1435993235304,58753.0
3793,1435993235321,58753.0
3794,1435993235342,58753.0
3795,1435993235367,58753.0
3796,1435993235382,58753.0
3797,1435993235404,58753.0
3798,1435993235426,53424.0
3799,1435993235446,53424.0
3800,1435993235467,43302.0
3801,1435993235485,0.0
3802,1435993235506,36030.0
3803,1435993235526,36030.0
3804,1435993235549,21639.0
3805,1435993235566,21639.0
3806,1435993235586,9890.0
3807,1435993235611,9890.0
3808,1435993235624,2486.0
3809,1435993235643,2486.0
3810,1435993235666,1791.0
3811,1435993235684,1791.0
3812,1435993235712,1440.0
3813,1435993235724,1229.0
3814,1435993235742,1229.0
3815,1435993235764,1081.0
3816,1435993235783,1081.0
3817,1435993235804,974.0
3818,1435993235822,974.0
3819,1435993235847,899.0
3820,1435993235864,899.0
3821,1435993235928,833.0
3822,1435993235929,833.0
3823,1435993235930,775.0
3824,1435993235942,739.0
3825,1435993235964,739.0
3826,1435993235985,759.0
3827,1435993236003,759.0
3828,1435993236025,881.0
3829,1435993236045,881.0
3830,1435993236064,978.0
3831,1435993236087,978.0
3832,1435993236108,926.0
3833,1435993236128,926.0
3834,1435993236144,987.0
3835,1435993236164,1294.0
3836,1435993236185,1294.0
3837,1435993236205,6389.0
3838,1435993236226,6389.0
3839,1435993236252,57392.0
3840,1435993236268,57392.0
3841,1435993236294,58753.0
3842,1435993236307,58753.0
3843,1435993236328,58753.0
3844,1435993236347,58753.0
3845,1435993236367,58753.0
3846,1435993236388,58753.0
3847,1435993236407,58753.0
3848,1435993236426,0.0
3849,1435993236446,58753.0
3850,1435993236467,58753.0
3851,1435993236487,58753.0
3852,1435993236507,58753.0
3853,1435993236525,58019.0
3854,1435993236553,58019.0
3855,1435993236651,52747.0
3856,1435993236652,52747.0
3857,1435993236653,49436.0
3858,1435993236654,0.0
3859,1435993236655,28350.0
3860,1435993236665,28350.0
3861,1435993236684,14520.0
3862,1435993236703,14520.0
3863,1435993236723,4168.0
3864,1435993236749,4168.0
3865,1435993236768,2131.0
3866,1435993236788,2131.0
3867,1435993236809,1606.0
3868,1435993236827,1606.0
3869,1435993236848,1335.0
3870,1435993236870,1160.0
3871,1435993236887,1160.0
3872,1435993236907,1041.0
3873,1435993236929,1041.0
3874,1435993236948,943.0
3875,1435993236968,943.0
3876,1435993236988,848.0
3877,1435993237006,848.0
3878,1435993237027,773.0
3879,1435993237113,773.0
3880,1435993237114,717.0
3881,1435993237115,706.0
3882,1435993237116,706.0
3883,1435993237126,797.0
3884,1435993237144,797.0
3885,1435993237164,1007.0
3886,1435993237184,1007.0
3887,1435993237215,940.0
3888,1435993237224,940.0
3889,1435993237244,931.0
3890,1435993237264,931.0
3891,1435993237284,1102.0
3892,1435993237304,1864.0
3893,1435993237324,1864.0
3894,1435993237345,23554.0
3895,1435993237364,23554.0
3896,1435993237385,58753.0
3897,1435993237405,58753.0
3898,1435993237425,58753.0
3899,1435993237445,58753.0
3900,1435993237465,58753.0
3901,1435993237485,58753.0
3902,1435993237507,58753.0
3903,1435993237529,0.0
3904,1435993237547,58753.0
3905,1435993237567,58753.0
3906,1435993237588,58753.0
3907,1435993237607,58753.0
3908,1435993237628,58753.0
3909,1435993237648,58753.0
3910,1435993237668,54730.0
3911,1435993237688,54730.0
3912,1435993237707,44074.0
3913,1435993237726,0.0
3914,1435993237747,33385.0
3915,1435993237769,33385.0
3916,1435993237795,22152.0
3917,1435993237841,22152.0
3918,1435993237842,10627.0
3919,1435993237845,10627.0
3920,1435993237866,2564.0
3921,1435993237888,2564.0
3922,1435993237906,1897.0
3923,1435993237928,1897.0
3924,1435993237946,1468.0
3925,1435993237966,1224.0
3926,1435993237990,1224.0
3927,1435993238010,1060.0
3928,1435993238028,1060.0
3929,1435993238049,952.0
3930,1435993238071,952.0
3931,1435993238089,872.0
3932,1435993238110,872.0
3933,1435993238129,805.0
3934,1435993238146,805.0
3935,1435993238166,746.0
3936,1435993238190,725.0
3937,1435993238206,725.0
3938,1435993238229,784.0
3939,1435993238257,784.0
3940,1435993238268,961.0
3941,1435993238286,961.0
3942,1435993238307,962.0
3943,1435993238327,962.0
3944,1435993238347,915.0
3945,1435993238372,915.0
3946,1435993238392,1024.0
3947,1435993238412,1470.0
3948,1435993238428,1470.0
3949,1435993238450,13969.0
3950,1435993238489,13969.0
3951,1435993238490,58753.0
3952,1435993238505,58753.0
3953,1435993238525,58753.0
3954,1435993238547,58753.0
3955,1435993238566,58753.0
3956,1435993238588,58753.0
3957,1435993238608,58753.0
3958,1435993238626,0.0
3959,1435993238646,58753.0
3960,1435993238667,58753.0
3961,1435993238686,58753.0
3962,1435993238706,58753.0
3963,1435993238728,57194.0
3964,1435993238749,57194.0
3965,1435993238769,43733.0
3966,1435993238790,43733.0
3967,1435993238810,39039.0
3968,1435993238831,0.0
3969,1435993238850,25419.0
3970,1435993238868,25419.0
3971,1435993238887,15437.0
3972,1435993238908,15437.0
3973,1435993238925,5313.0
3974,1435993238948,5313.0
3975,1435993238969,2169.0
3976,1435993238990,2169.0
3977,1435993239010,1607.0
3978,1435993239030,1607.0
3979,1435993239048,1337.0
3980,1435993239069,1159.0
3981,1435993239099,1159.0
3982,1435993239153,1042.0
3983,1435993239154,1042.0
3984,1435993239155,956.0
3985,1435993239166,956.0
3986,1435993239186,865.0
3987,1435993239206,865.0
3988,1435993239225,789.0
3989,1435993239246,789.0
3990,1435993239267,729.0
3991,1435993239288,707.0
3992,1435993239309,707.0
3993,1435993239331,795.0
3994,1435993239350,795.0
3995,1435993239368,971.0
3996,1435993239391,971.0
3997,1435993239410,922.0
3998,1435993239429,922.0
3999,1435993239451,918.0
4000,1435993239470,918.0
4001,1435993239489,1085.0
4002,1435993239511,1850.0
4003,1435993239528,1850.0
4004,1435993239550,27425.0
4005,1435993239568,27425.0
4006,1435993239592,58753.0
4007,1435993239620,58753.0
4008,1435993239635,58753.0
4009,1435993239647,58753.0
4010,1435993239667,58753.0
4011,1435993239688,58753.0
4012,1435993239708,58753.0
4013,1435993239736,0.0
4014,1435993239779,58753.0
4015,1435993239780,58753.0
4016,1435993239789,58753.0
4017,1435993239810,58753.0
4018,1435993239826,58753.0
4019,1435993239848,58753.0
4020,1435993239871,58753.0
4021,1435993239888,58753.0
4022,1435993239908,58753.0
4023,1435993239929,0.0
4024,1435993239951,36158.0
4025,1435993239971,36158.0
4026,1435993239989,21841.0
4027,1435993240010,21841.0
4028,1435993240031,11576.0
4029,1435993240051,11576.0
4030,1435993240072,2654.0
4031,1435993240090,2654.0
4032,1435993240134,2030.0
4033,1435993240135,2030.0
4034,1435993240149,1525.0
4035,1435993240168,1264.0
4036,1435993240188,1264.0
4037,1435993240212,1099.0
4038,1435993240230,1099.0
4039,1435993240283,976.0
4040,1435993240284,976.0
4041,1435993240289,866.0
4042,1435993240307,866.0
4043,1435993240326,784.0
4044,1435993240348,784.0
4045,1435993240372,724.0
4046,1435993240393,700.0
4047,1435993240430,700.0
4048,1435993240431,761.0
4049,1435993240448,761.0
4050,1435993240469,977.0
4051,1435993240487,977.0
4052,1435993240509,930.0
4053,1435993240531,930.0
4054,1435993240549,892.0
4055,1435993240569,892.0
4056,1435993240592,1006.0
4057,1435993240615,1487.0
4058,1435993240631,1487.0
4059,1435993240649,18046.0
4060,1435993240668,18046.0
4061,1435993240688,58753.0
4062,1435993240709,58753.0
4063,1435993240729,58753.0
4064,1435993240751,58753.0
4065,1435993240772,58753.0
4066,1435993240791,58753.0
4067,1435993240812,58753.0
4068,1435993240832,0.0
4069,1435993240850,58753.0
4070,1435993240871,58753.0
4071,1435993240892,58753.0
4072,1435993240909,58753.0
4073,1435993240931,57355.0
4074,1435993240951,57355.0
4075,1435993240971,41743.0
4076,1435993240991,41743.0
4077,1435993241011,34948.0
4078,1435993241029,0.0
4079,1435993241061,17598.0
4080,1435993241130,17598.0
4081,1435993241131,9142.0
4082,1435993241132,9142.0
4083,1435993241133,2473.0
4084,1435993241147,2473.0
4085,1435993241167,1783.0
4086,1435993241189,1783.0
4087,1435993241209,1428.0
4088,1435993241230,1428.0
4089,1435993241251,1254.0
4090,1435993241270,1112.0
4091,1435993241291,1112.0
4092,1435993241311,1008.0
4093,1435993241330,1008.0
4094,1435993241352,928.0
4095,1435993241373,928.0
4096,1435993241390,853.0
4097,1435993241412,853.0
4098,1435993241437,793.0
4099,1435993241451,793.0
4100,1435993241472,747.0
4101,1435993241492,750.0
4102,1435993241512,750.0
4103,1435993241532,860.0
4104,1435993241550,860.0
4105,1435993241570,1039.0
4106,1435993241591,1039.0
4107,1435993241618,998.0
4108,1435993241632,998.0
4109,1435993241649,961.0
4110,1435993241670,961.0
4111,1435993241729,1066.0
4112,1435993241730,1670.0
4113,1435993241731,1670.0
4114,1435993241749,24378.0
4115,1435993241768,24378.0
4116,1435993241789,58753.0
4117,1435993241811,58753.0
4118,1435993241835,58753.0
4119,1435993241851,58753.0
4120,1435993241872,58753.0
4121,1435993241892,58753.0
4122,1435993241914,58753.0
4123,1435993241932,0.0
4124,1435993241952,58753.0
4125,1435993241973,58753.0
4126,1435993241993,58753.0
4127,1435993242012,58753.0
4128,1435993242033,51052.0
4129,1435993242052,51052.0
4130,1435993242074,38881.0
4131,1435993242093,38881.0
4132,1435993242114,33914.0
4133,1435993242134,0.0
4134,1435993242151,19377.0
4135,1435993242170,19377.0
4136,1435993242190,13205.0
4137,1435993242211,13205.0
4138,1435993242230,3072.0
4139,1435993242253,3072.0
4140,1435993242277,1966.0
4141,1435993242291,1966.0
4142,1435993242310,1482.0
4143,1435993242334,1482.0
4144,1435993242350,1275.0
4145,1435993242398,1120.0
4146,1435993242401,1120.0
4147,1435993242419,1005.0
4148,1435993242432,1005.0
4149,1435993242449,921.0
4150,1435993242469,921.0
4151,1435993242493,845.0
4152,1435993242510,845.0
4153,1435993242531,795.0
4154,1435993242553,795.0
4155,1435993242575,768.0
4156,1435993242592,763.0
4157,1435993242610,763.0
4158,1435993242633,803.0
4159,1435993242650,803.0
4160,1435993242670,927.0
4161,1435993242691,927.0
4162,1435993242710,907.0
4163,1435993242731,907.0
4164,1435993242754,796.0
4165,1435993242774,796.0
4166,1435993242795,823.0
4167,1435993242818,1164.0
4168,1435993242836,1164.0
4169,1435993242853,13618.0
4170,1435993242872,13618.0
4171,1435993242890,58753.0
4172,1435993242910,58753.0
4173,1435993242937,58753.0
4174,1435993242957,58753.0
4175,1435993242976,58753.0
4176,1435993242993,58753.0
4177,1435993243021,58753.0
4178,1435993243070,0.0
4179,1435993243071,58753.0
4180,1435993243072,58753.0
4181,1435993243091,58753.0
4182,1435993243110,58753.0
4183,1435993243130,58753.0
4184,1435993243149,58753.0
4185,1435993243170,58753.0
4186,1435993243191,58753.0
4187,1435993243210,58655.0
4188,1435993243234,0.0
4189,1435993243253,37656.0
4190,1435993243271,37656.0
4191,1435993243294,23989.0
4192,1435993243316,23989.0
4193,1435993243334,12849.0
4194,1435993243355,12849.0
4195,1435993243377,2624.0
4196,1435993243391,2624.0
4197,1435993243416,1881.0
4198,1435993243434,1881.0
4199,1435993243454,1332.0
4200,1435993243475,1012.0
4201,1435993243494,1012.0
4202,1435993243514,810.0
4203,1435993243532,810.0
4204,1435993243554,671.0
4205,1435993243575,671.0
4206,1435993243596,556.0
4207,1435993243616,556.0
4208,1435993243696,472.0
4209,1435993243697,472.0
4210,1435993243698,415.0
4211,1435993243699,404.0
4212,1435993243710,404.0
4213,1435993243734,437.0
4214,1435993243755,437.0
4215,1435993243775,499.0
4216,1435993243791,499.0
4217,1435993243810,429.0
4218,1435993243835,429.0
4219,1435993243854,399.0
4220,1435993243874,399.0
4221,1435993243895,522.0
4222,1435993243912,965.0
4223,1435993243939,965.0
4224,1435993243952,9866.0
4225,1435993243972,9866.0
4226,1435993243992,17964.0
4227,1435993244012,17964.0
4228,1435993244035,18676.0
4229,1435993244061,18676.0
4230,1435993244077,17775.0
4231,1435993244094,17775.0
4232,1435993244125,16870.0
4233,1435993244139,14052.0
4234,1435993244153,14052.0
4235,1435993244172,0.0
4236,1435993244195,8331.0
4237,1435993244217,8331.0
4238,1435993244254,5303.0
4239,1435993244255,5303.0
4240,1435993244273,3765.0
4241,1435993244292,3765.0
4242,1435993244360,2927.0
4243,1435993244365,2927.0
4244,1435993244366,2332.0
4245,1435993244374,2332.0
4246,1435993244390,1872.0
4247,1435993244415,1352.0
4248,1435993244432,1352.0
4249,1435993244452,1026.0
4250,1435993244473,1026.0
4251,1435993244497,915.0
4252,1435993244515,915.0
4253,1435993244535,829.0
4254,1435993244556,829.0
4255,1435993244573,747.0
4256,1435993244595,747.0
4257,1435993244623,658.0
4258,1435993244637,573.0
4259,1435993244652,573.0
4260,1435993244673,489.0
4261,1435993244693,489.0
4262,1435993244712,425.0
4263,1435993244738,425.0
4264,1435993244758,399.0
4265,1435993244777,399.0
4266,1435993244796,429.0
4267,1435993244815,429.0
4268,1435993244832,495.0
4269,1435993244855,567.0
4270,1435993244878,567.0
4271,1435993244898,579.0
4272,1435993244919,579.0
4273,1435993244934,531.0
4274,1435993244956,531.0
4275,1435993245016,530.0
4276,1435993245017,530.0
4277,1435993245018,687.0
4278,1435993245032,687.0
4279,1435993245054,1888.0
4280,1435993245071,21446.0
4281,1435993245097,21446.0
4282,1435993245111,35441.0
4283,1435993245134,35441.0
4284,1435993245153,42749.0
4285,1435993245173,42749.0
4286,1435993245195,38151.0
4287,1435993245217,38151.0
4288,1435993245235,26711.0
4289,1435993245254,26711.0
4290,1435993245276,0.0
4291,1435993245294,18238.0
4292,1435993245316,18238.0
4293,1435993245337,18079.0
4294,1435993245353,18079.0
4295,1435993245376,16542.0
4296,1435993245397,16542.0
4297,1435993245434,17159.0
4298,1435993245435,17159.0
4299,1435993245454,16610.0
4300,1435993245473,0.0
4301,1435993245494,11129.0
4302,1435993245515,11129.0
4303,1435993245536,7004.0
4304,1435993245553,7004.0
4305,1435993245577,2353.0
4306,1435993245596,2353.0
4307,1435993245636,1669.0
4308,1435993245637,1669.0
4309,1435993245654,1319.0
4310,1435993245671,1319.0
4311,1435993245692,1000.0
4312,1435993245712,815.0
4313,1435993245732,815.0
4314,1435993245756,677.0
4315,1435993245777,677.0
4316,1435993245794,575.0
4317,1435993245817,575.0
4318,1435993245837,499.0
4319,1435993245856,499.0
4320,1435993245877,471.0
4321,1435993245896,471.0
4322,1435993245916,504.0
4323,1435993245937,578.0
4324,1435993245955,578.0
4325,1435993245976,643.0
4326,1435993245997,643.0
4327,1435993246015,667.0
4328,1435993246035,667.0
4329,1435993246057,606.0
4330,1435993246080,606.0
4331,1435993246099,549.0
4332,1435993246119,549.0
4333,1435993246137,624.0
4334,1435993246157,1136.0
4335,1435993246175,1136.0
4336,1435993246198,18522.0
4337,1435993246226,18522.0
4338,1435993246284,57160.0
4339,1435993246285,57160.0
4340,1435993246286,58753.0
4341,1435993246300,58753.0
4342,1435993246312,58753.0
4343,1435993246337,58753.0
4344,1435993246355,58753.0
4345,1435993246378,0.0
4346,1435993246394,58753.0
4347,1435993246418,58753.0
4348,1435993246435,58753.0
4349,1435993246457,58753.0
4350,1435993246476,58753.0
4351,1435993246497,58753.0
4352,1435993246517,57983.0
4353,1435993246537,57983.0
4354,1435993246557,49036.0
4355,1435993246577,0.0
4356,1435993246597,37560.0
4357,1435993246616,37560.0
4358,1435993246636,30052.0
4359,1435993246657,30052.0
4360,1435993246674,16857.0
4361,1435993246695,16857.0
4362,1435993246715,3858.0
4363,1435993246734,3858.0
4364,1435993246755,1763.0
4365,1435993246782,1763.0
4366,1435993246797,1185.0
4367,1435993246816,830.0
4368,1435993246837,830.0
4369,1435993246856,643.0
4370,1435993246876,643.0
4371,1435993246896,518.0
4372,1435993246937,518.0
4373,1435993246938,431.0
4374,1435993246954,431.0
4375,1435993246974,368.0
4376,1435993246995,368.0
4377,1435993247017,341.0
4378,1435993247035,354.0
4379,1435993247055,354.0
4380,1435993247079,400.0
4381,1435993247098,400.0
4382,1435993247118,441.0
4383,1435993247138,441.0
4384,1435993247155,445.0
4385,1435993247179,445.0
4386,1435993247196,400.0
4387,1435993247217,400.0
4388,1435993247236,392.0
4389,1435993247257,504.0
4390,1435993247278,504.0
4391,1435993247297,1316.0
4392,1435993247317,1316.0
4393,1435993247338,13234.0
4394,1435993247357,13234.0
4395,1435993247377,16583.0
4396,1435993247398,16583.0
4397,1435993247417,17635.0
4398,1435993247439,17635.0
4399,1435993247458,16200.0
4400,1435993247478,10719.0
4401,1435993247498,10719.0
4402,1435993247518,7813.0
4403,1435993247536,7813.0
4404,1435993247559,7270.0
4405,1435993247619,7270.0
4406,1435993247620,7726.0
4407,1435993247621,7726.0
4408,1435993247635,8511.0
4409,1435993247653,8511.0
4410,1435993247676,9980.0
4411,1435993247694,10262.0
4412,1435993247714,10262.0
4413,1435993247736,10799.0
4414,1435993247756,10799.0
4415,1435993247778,9768.0
4416,1435993247827,9768.0
4417,1435993247828,11130.0
4418,1435993247837,11130.0
4419,1435993247859,3425.0
4420,1435993247876,3425.0
4421,1435993247895,1581.0
4422,1435993247922,1152.0
4423,1435993247936,1152.0
4424,1435993247958,835.0
4425,1435993247980,835.0
4426,1435993248000,582.0
4427,1435993248020,582.0
4428,1435993248040,451.0
4429,1435993248058,451.0
4430,1435993248078,377.0
4431,1435993248098,377.0
4432,1435993248120,323.0
4433,1435993248140,291.0
4434,1435993248168,291.0
4435,1435993248180,285.0
4436,1435993248197,285.0
4437,1435993248252,313.0
4438,1435993248253,313.0
4439,1435993248254,357.0
4440,1435993248275,357.0
4441,1435993248295,387.0
4442,1435993248314,387.0
4443,1435993248337,329.0
4444,1435993248357,267.0
4445,1435993248375,267.0
4446,1435993248396,285.0
4447,1435993248414,285.0
4448,1435993248435,430.0
4449,1435993248456,430.0
4450,1435993248474,1378.0
4451,1435993248495,1378.0
4452,1435993248515,8159.0
4453,1435993248540,8159.0
4454,1435993248555,14965.0
4455,1435993248576,14965.0
4456,1435993248595,16937.0
4457,1435993248615,17993.0
4458,1435993248635,17993.0
4459,1435993248655,18783.0
4460,1435993248675,18783.0
4461,1435993248698,18906.0
4462,1435993248716,18906.0
4463,1435993248736,0.0
4464,1435993248757,17391.0
4465,1435993248779,17391.0
4466,1435993248801,17023.0
4467,1435993248820,17023.0
4468,1435993248838,15249.0
4469,1435993248864,15249.0
4470,1435993248904,10692.0
4471,1435993248905,10692.0
4472,1435993248937,6755.0
4473,1435993248938,6755.0
4474,1435993248956,2779.0
4475,1435993248976,1645.0
4476,1435993248996,1645.0
4477,1435993249017,950.0
4478,1435993249037,950.0
4479,1435993249059,728.0
4480,1435993249079,728.0
4481,1435993249100,581.0
4482,1435993249124,581.0
4483,1435993249137,457.0
4484,1435993249156,457.0
4485,1435993249179,363.0
4486,1435993249196,293.0
4487,1435993249217,293.0
4488,1435993249240,239.0
4489,1435993249259,239.0
4490,1435993249279,199.0
4491,1435993249300,199.0
4492,1435993249320,173.0
4493,1435993249340,173.0
4494,1435993249360,167.0
4495,1435993249379,167.0
4496,1435993249399,180.0
4497,1435993249419,194.0
4498,1435993249439,194.0
4499,1435993249460,190.0
4500,1435993249479,190.0
4501,1435993249499,187.0
4502,1435993249527,187.0
4503,1435993249584,221.0
4504,1435993249585,221.0
4505,1435993249586,318.0
4506,1435993249603,318.0
4507,1435993249615,572.0
4508,1435993249636,1262.0
4509,1435993249656,1262.0
4510,1435993249676,1822.0
4511,1435993249696,1822.0
4512,1435993249719,1990.0
4513,1435993249741,1990.0
4514,1435993249759,1990.0
4515,1435993249778,1990.0
4516,1435993249800,1842.0
4517,1435993249820,1842.0
4518,1435993249841,1711.0
4519,1435993249860,1597.0
4520,1435993249880,1597.0
4521,1435993249899,1486.0
4522,1435993249920,1486.0
4523,1435993249940,1324.0
4524,1435993249961,1324.0
4525,1435993249980,1207.0
4526,1435993249999,1207.0
4527,1435993250022,1006.0
4528,1435993250039,1006.0
4529,1435993250060,827.0
4530,1435993250079,709.0
4531,1435993250146,709.0
4532,1435993250147,690.0
4533,1435993250148,690.0
4534,1435993250156,600.0
4535,1435993250176,600.0
4536,1435993250198,499.0
4537,1435993250216,499.0
4538,1435993250239,419.0
4539,1435993250278,419.0
4540,1435993250279,351.0
4541,1435993250297,291.0
4542,1435993250320,291.0
4543,1435993250341,245.0
4544,1435993250361,245.0
4545,1435993250380,203.0
4546,1435993250400,203.0
4547,1435993250420,172.0
4548,1435993250440,172.0
4549,1435993250461,158.0
4550,1435993250481,158.0
4551,1435993250501,163.0
4552,1435993250520,178.0
4553,1435993250540,178.0
4554,1435993250561,186.0
4555,1435993250581,186.0
4556,1435993250607,180.0
4557,1435993250621,180.0
4558,1435993250640,180.0
4559,1435993250657,180.0
4560,1435993250677,216.0
4561,1435993250697,216.0
4562,1435993250719,319.0
4563,1435993250739,319.0
4564,1435993250761,736.0
4565,1435993250788,2061.0
4566,1435993250852,2061.0
4567,1435993250853,3967.0
4568,1435993250854,3967.0
4569,1435993250866,3584.0
4570,1435993250877,3584.0
4571,1435993250897,2285.0
4572,1435993250920,2285.0
4573,1435993250940,1609.0
4574,1435993250959,1609.0
4575,1435993250982,1490.0
4576,1435993251001,1422.0
4577,1435993251019,1422.0
4578,1435993251039,1614.0
4579,1435993251061,1614.0
4580,1435993251081,1597.0
4581,1435993251106,1597.0
4582,1435993251121,1560.0
4583,1435993251138,1560.0
4584,1435993251159,1465.0
4585,1435993251180,1465.0
4586,1435993251200,1647.0
4587,1435993251224,1768.0
4588,1435993251250,1768.0
4589,1435993251264,704.0
4590,1435993251282,704.0
4591,1435993251299,580.0
4592,1435993251321,580.0
4593,1435993251344,467.0
4594,1435993251362,467.0
4595,1435993251385,396.0
4596,1435993251405,396.0
4597,1435993251422,340.0
4598,1435993251442,293.0
4599,1435993251506,293.0
4600,1435993251507,256.0
4601,1435993251508,256.0
4602,1435993251525,224.0
4603,1435993251540,224.0
4604,1435993251558,197.0
4605,1435993251581,197.0
4606,1435993251603,177.0
4607,1435993251618,177.0
4608,1435993251639,177.0
4609,1435993251659,201.0
4610,1435993251679,201.0
4611,1435993251700,221.0
4612,1435993251720,221.0
4613,1435993251742,222.0
4614,1435993251764,222.0
4615,1435993251780,230.0
4616,1435993251802,230.0
4617,1435993251820,270.0
4618,1435993251846,270.0
4619,1435993251862,374.0
4620,1435993251882,1258.0
4621,1435993251902,1258.0
4622,1435993251919,14977.0
4623,1435993251943,14977.0
4624,1435993251961,16067.0
4625,1435993251981,16067.0
4626,1435993252003,8739.0
4627,1435993252021,8739.0
4628,1435993252042,2680.0
4629,1435993252061,2680.0
4630,1435993252081,1876.0
4631,1435993252163,1807.0
4632,1435993252165,1807.0
4633,1435993252166,1638.0
4634,1435993252167,1638.0
4635,1435993252178,1543.0
4636,1435993252198,1543.0
4637,1435993252218,1456.0
4638,1435993252239,1456.0
4639,1435993252259,1370.0
4640,1435993252281,1370.0
4641,1435993252305,1277.0
4642,1435993252320,1316.0
4643,1435993252340,1316.0
4644,1435993252415,1308.0
4645,1435993252416,1308.0
4646,1435993252417,857.0
4647,1435993252419,857.0
4648,1435993252438,672.0
4649,1435993252458,672.0
4650,1435993252480,557.0
4651,1435993252499,557.0
4652,1435993252519,487.0
4653,1435993252541,442.0
4654,1435993252558,442.0
4655,1435993252578,407.0
4656,1435993252599,407.0
4657,1435993252618,384.0
4658,1435993252638,384.0
4659,1435993252660,370.0
4660,1435993252682,370.0
4661,1435993252700,366.0
4662,1435993252730,366.0
4663,1435993252784,387.0
4664,1435993252785,450.0
4665,1435993252786,450.0
4666,1435993252800,538.0
4667,1435993252819,538.0
4668,1435993252839,604.0
4669,1435993252859,604.0
4670,1435993252884,612.0
4671,1435993252901,612.0
4672,1435993252921,547.0
4673,1435993252944,547.0
4674,1435993252964,471.0
4675,1435993252986,471.0
4676,1435993253004,491.0
4677,1435993253024,1353.0
4678,1435993253043,1353.0
4679,1435993253064,27278.0
4680,1435993253084,27278.0
4681,1435993253103,55810.0
4682,1435993253125,55810.0
4683,1435993253141,54473.0
4684,1435993253164,54473.0
4685,1435993253183,58753.0
4686,1435993253204,58753.0
4687,1435993253224,58753.0
4688,1435993253244,0.0
4689,1435993253264,58753.0
4690,1435993253283,58753.0
4691,1435993253304,56301.0
4692,1435993253324,56301.0
4693,1435993253344,58753.0
4694,1435993253364,58753.0
4695,1435993253385,47378.0
4696,1435993253402,47378.0
4697,1435993253469,50389.0
4698,1435993253470,0.0
4699,1435993253471,20556.0
4700,1435993253482,20556.0
4701,1435993253504,559.0
4702,1435993253520,559.0
4703,1435993253541,493.0
4704,1435993253561,493.0
4705,1435993253582,8823.0
4706,1435993253606,8823.0
4707,1435993253624,25448.0
4708,1435993253644,25448.0
4709,1435993253661,16005.0
4710,1435993253684,5785.0
4711,1435993253704,5785.0
4712,1435993253724,1439.0
4713,1435993253745,1439.0
4714,1435993253763,785.0
4715,1435993253786,785.0
4716,1435993253803,449.0
4717,1435993253824,449.0
4718,1435993253844,323.0
4719,1435993253864,323.0
4720,1435993253884,270.0
4721,1435993253904,233.0
4722,1435993253925,233.0
4723,1435993253945,212.0
4724,1435993253966,212.0
4725,1435993253982,222.0
4726,1435993254000,222.0
4727,1435993254020,240.0
4728,1435993254045,240.0
4729,1435993254061,247.0
4730,1435993254095,247.0
4731,1435993254108,256.0
4732,1435993254126,275.0
4733,1435993254140,275.0
4734,1435993254161,345.0
4735,1435993254180,345.0
4736,1435993254200,583.0
4737,1435993254221,583.0
4738,1435993254241,2448.0
4739,1435993254264,2448.0
4740,1435993254285,1559.0
4741,1435993254305,1559.0
4742,1435993254324,6412.0
4743,1435993254345,18305.0
4744,1435993254365,18305.0
4745,1435993254384,8102.0
4746,1435993254406,8102.0
4747,1435993254423,6688.0
4748,1435993254442,6688.0
4749,1435993254467,8484.0
4750,1435993254486,8484.0
4751,1435993254506,19222.0
4752,1435993254525,19222.0
4753,1435993254544,19608.0
4754,1435993254564,23421.0
4755,1435993254585,23421.0
4756,1435993254607,13782.0
4757,1435993254627,13782.0
4758,1435993254647,524.0
4759,1435993254665,524.0
4760,1435993254684,511.0
4761,1435993254727,511.0
4762,1435993254728,1192.0
4763,1435993254744,1192.0
4764,1435993254764,2379.0
4765,1435993254782,1539.0
4766,1435993254805,1539.0
4767,1435993254826,762.0
4768,1435993254844,762.0
4769,1435993254862,473.0
4770,1435993254887,473.0
4771,1435993254905,424.0
4772,1435993254925,424.0
4773,1435993254943,397.0
4774,1435993254965,397.0
4775,1435993254985,373.0
4776,1435993255006,375.0
4777,1435993255025,375.0
4778,1435993255045,367.0
4779,1435993255066,367.0
4780,1435993255086,359.0
4781,1435993255105,359.0
4782,1435993255126,338.0
4783,1435993255142,338.0
4784,1435993255164,297.0
4785,1435993255186,297.0
4786,1435993255208,240.0
4787,1435993255228,199.0
4788,1435993255249,199.0
4789,1435993255265,203.0
4790,1435993255283,203.0
4791,1435993255305,262.0
4792,1435993255324,262.0
4793,1435993255344,374.0
4794,1435993255414,374.0
4795,1435993255415,575.0
4796,1435993255416,575.0
4797,1435993255431,869.0
4798,1435993255441,869.0
4799,1435993255463,1470.0
4800,1435993255487,1584.0
4801,1435993255503,1584.0
4802,1435993255524,1264.0
4803,1435993255544,1264.0
4804,1435993255566,1136.0
4805,1435993255586,1136.0
4806,1435993255606,1023.0
4807,1435993255623,1023.0
4808,1435993255646,870.0
4809,1435993255666,870.0
4810,1435993255686,737.0
4811,1435993255706,654.0
4812,1435993255727,654.0
4813,1435993255795,576.0
4814,1435993255796,576.0
4815,1435993255797,525.0
4816,1435993255808,525.0
4817,1435993255821,422.0
4818,1435993255842,422.0
4819,1435993255868,393.0
4820,1435993255881,393.0
4821,1435993255904,436.0
4822,1435993255921,469.0
4823,1435993255942,469.0
4824,1435993255966,432.0
4825,1435993255981,432.0
4826,1435993256001,392.0
4827,1435993256024,392.0
4828,1435993256041,352.0
4829,1435993256061,352.0
4830,1435993256082,312.0
4831,1435993256101,312.0
4832,1435993256121,267.0
4833,1435993256142,226.0
4834,1435993256162,226.0
4835,1435993256182,192.0
4836,1435993256203,192.0
4837,1435993256222,175.0
4838,1435993256252,175.0
4839,1435993256267,165.0
4840,1435993256287,165.0
4841,1435993256307,165.0
4842,1435993256324,165.0
4843,1435993256346,179.0
4844,1435993256366,177.0
4845,1435993256388,177.0
4846,1435993256406,158.0
4847,1435993256426,158.0
4848,1435993256447,175.0
4849,1435993256466,175.0
4850,1435993256486,254.0
4851,1435993256507,254.0
4852,1435993256527,363.0
4853,1435993256547,363.0
4854,1435993256565,493.0
4855,1435993256612,686.0
4856,1435993256613,686.0
4857,1435993256647,937.0
4858,1435993256648,937.0
4859,1435993256662,1033.0
4860,1435993256685,1033.0
4861,1435993256703,1001.0
4862,1435993256724,1001.0
4863,1435993256745,877.0
4864,1435993256766,877.0
4865,1435993256787,788.0
4866,1435993256806,704.0
4867,1435993256827,704.0
4868,1435993256844,659.0
4869,1435993256867,659.0
4870,1435993256887,595.0
4871,1435993256906,595.0
4872,1435993256928,491.0
4873,1435993256947,491.0
4874,1435993256966,414.0
4875,1435993256989,414.0
4876,1435993257007,404.0
4877,1435993257025,456.0
4878,1435993257047,456.0
4879,1435993257066,456.0
4880,1435993257089,456.0
4881,1435993257109,414.0
4882,1435993257130,414.0
4883,1435993257147,371.0
4884,1435993257169,371.0
4885,1435993257186,332.0
4886,1435993257207,332.0
4887,1435993257239,290.0
4888,1435993257294,250.0
4889,1435993257295,250.0
4890,1435993257296,210.0
4891,1435993257308,210.0
4892,1435993257323,175.0
4893,1435993257344,175.0
4894,1435993257366,153.0
4895,1435993257386,153.0
4896,1435993257406,142.0
4897,1435993257427,142.0
4898,1435993257447,147.0
4899,1435993257468,147.0
4900,1435993257489,163.0
4901,1435993257507,157.0
4902,1435993257528,157.0
4903,1435993257546,145.0
4904,1435993257567,145.0
4905,1435993257588,181.0
4906,1435993257608,181.0
4907,1435993257626,262.0
4908,1435993257648,262.0
4909,1435993257667,355.0
4910,1435993257686,355.0
4911,1435993257706,444.0
4912,1435993257728,586.0
4913,1435993257747,586.0
4914,1435993257767,778.0
4915,1435993257789,778.0
4916,1435993257807,890.0
4917,1435993257827,890.0
4918,1435993257848,861.0
4919,1435993257869,861.0
4920,1435993257920,806.0
4921,1435993257921,806.0
4922,1435993257926,795.0
4923,1435993257945,753.0
4924,1435993257963,753.0
4925,1435993257985,734.0
4926,1435993258009,734.0
4927,1435993258028,689.0
4928,1435993258045,689.0
4929,1435993258070,609.0
4930,1435993258089,609.0
4931,1435993258107,445.0
4932,1435993258129,445.0
4933,1435993258148,404.0
4934,1435993258168,430.0
4935,1435993258189,430.0
4936,1435993258208,470.0
4937,1435993258228,470.0
4938,1435993258250,436.0
4939,1435993258268,436.0
4940,1435993258288,387.0
4941,1435993258309,387.0
4942,1435993258328,350.0
4943,1435993258348,350.0
4944,1435993258368,316.0
4945,1435993258388,286.0
4946,1435993258408,286.0
4947,1435993258429,255.0
4948,1435993258449,255.0
4949,1435993258468,231.0
4950,1435993258488,231.0
4951,1435993258508,221.0
4952,1435993258534,221.0
4953,1435993258594,230.0
4954,1435993258595,230.0
4955,1435993258596,286.0
4956,1435993258610,385.0
4957,1435993258627,385.0
4958,1435993258647,462.0
4959,1435993258668,462.0
4960,1435993258686,499.0
4961,1435993258705,499.0
4962,1435993258729,512.0
4963,1435993258749,512.0
4964,1435993258769,550.0
4965,1435993258790,550.0
4966,1435993258808,741.0
4967,1435993258829,8128.0
4968,1435993258849,8128.0
4969,1435993258869,7416.0
4970,1435993258889,7416.0
4971,1435993258909,16532.0
4972,1435993258927,16532.0
4973,1435993258946,16545.0
4974,1435993258967,16545.0
4975,1435993258994,33798.0
4976,1435993259007,33798.0
4977,1435993259026,41831.0
4978,1435993259048,58753.0
4979,1435993259070,58753.0
4980,1435993259089,0.0
4981,1435993259109,58753.0
4982,1435993259128,58753.0
4983,1435993259150,58753.0
4984,1435993259169,58753.0
4985,1435993259189,58753.0
4986,1435993259211,58753.0
4987,1435993259255,27415.0
4988,1435993259256,27415.0
4989,1435993259271,408.0
4990,1435993259286,408.0
4991,1435993259306,389.0
4992,1435993259328,859.0
4993,1435993259346,859.0
4994,1435993259366,30270.0
4995,1435993259388,30270.0
4996,1435993259405,16379.0
4997,1435993259427,16379.0
4998,1435993259446,3396.0
4999,1435993259468,3396.0
5000,1435993259488,1559.0
5001,1435993259508,1559.0
5002,1435993259532,950.0
5003,1435993259558,572.0
5004,1435993259567,572.0
5005,1435993259586,409.0
5006,1435993259606,409.0
5007,1435993259626,324.0
5008,1435993259645,324.0
5009,1435993259665,275.0
5010,1435993259686,275.0
5011,1435993259705,231.0
5012,1435993259725,231.0
5013,1435993259748,193.0
5014,1435993259767,168.0
5015,1435993259790,168.0
5016,1435993259810,147.0
5017,1435993259828,147.0
5018,1435993259848,137.0
5019,1435993259875,137.0
5020,1435993259928,142.0
5021,1435993259929,142.0
5022,1435993259930,164.0
5023,1435993259947,164.0
5024,1435993259965,214.0
5025,1435993259986,325.0
5026,1435993260006,325.0
5027,1435993260028,622.0
5028,1435993260049,622.0
5029,1435993260066,894.0
5030,1435993260086,894.0
5031,1435993260107,1063.0
5032,1435993260125,1063.0
5033,1435993260148,1136.0
5034,1435993260166,1136.0
5035,1435993260188,1093.0
5036,1435993260206,1099.0
5037,1435993260227,1099.0
5038,1435993260246,1068.0
5039,1435993260282,1068.0
5040,1435993260287,903.0
5041,1435993260306,903.0
5042,1435993260326,868.0
5043,1435993260347,868.0
5044,1435993260366,812.0
5045,1435993260386,812.0
5046,1435993260407,516.0
5047,1435993260436,254.0
5048,1435993260450,254.0
5049,1435993260468,230.0
5050,1435993260490,230.0
5051,1435993260509,411.0
5052,1435993260529,411.0
5053,1435993260549,499.0
5054,1435993260592,499.0
5055,1435993260593,420.0
5056,1435993260607,420.0
5057,1435993260626,342.0
5058,1435993260648,279.0
5059,1435993260666,279.0
5060,1435993260687,227.0
5061,1435993260707,227.0
5062,1435993260727,192.0
5063,1435993260747,192.0
5064,1435993260770,164.0
5065,1435993260790,164.0
5066,1435993260823,140.0
5067,1435993260829,140.0
5068,1435993260848,125.0
5069,1435993260867,110.0
5070,1435993260887,110.0
5071,1435993260906,101.0
5072,1435993260926,101.0
5073,1435993260950,96.0
5074,1435993260972,96.0
5075,1435993260988,92.0
5076,1435993261010,92.0
5077,1435993261027,92.0
5078,1435993261048,92.0
5079,1435993261067,98.0
5080,1435993261089,98.0
5081,1435993261110,118.0
5082,1435993261131,162.0
5083,1435993261156,162.0
5084,1435993261232,219.0
5085,1435993261233,219.0
5086,1435993261234,317.0
5087,1435993261235,317.0
5088,1435993261247,447.0
5089,1435993261267,447.0
5090,1435993261287,546.0
5091,1435993261310,546.0
5092,1435993261331,541.0
5093,1435993261351,516.0
5094,1435993261371,516.0
5095,1435993261391,482.0
5096,1435993261409,482.0
5097,1435993261430,423.0
5098,1435993261450,423.0
5099,1435993261471,385.0
5100,1435993261492,385.0
5101,1435993261510,355.0
5102,1435993261531,355.0
5103,1435993261550,259.0
5104,1435993261570,206.0
5105,1435993261591,206.0
5106,1435993261610,190.0
5107,1435993261630,190.0
5108,1435993261651,236.0
5109,1435993261680,236.0
5110,1435993261691,245.0
5111,1435993261709,245.0
5112,1435993261731,213.0
5113,1435993261750,213.0
5114,1435993261770,184.0
5115,1435993261794,160.0
5116,1435993261810,160.0
5117,1435993261870,141.0
5118,1435993261871,141.0
5119,1435993261872,124.0
5120,1435993261889,124.0
5121,1435993261910,106.0
5122,1435993261928,106.0
5123,1435993261951,91.0
5124,1435993261969,91.0
5125,1435993261989,82.0
5126,1435993262009,73.0
5127,1435993262032,73.0
5128,1435993262052,70.0
5129,1435993262070,70.0
5130,1435993262093,70.0
5131,1435993262109,70.0
5132,1435993262131,67.0
5133,1435993262153,67.0
5134,1435993262175,65.0
5135,1435993262194,65.0
5136,1435993262232,68.0
5137,1435993262233,80.0
5138,1435993262249,80.0
5139,1435993262271,116.0
5140,1435993262290,116.0
5141,1435993262310,165.0
5142,1435993262334,165.0
5143,1435993262354,215.0
5144,1435993262374,215.0
5145,1435993262393,266.0
5146,1435993262410,266.0
5147,1435993262430,321.0
5148,1435993262454,348.0
5149,1435993262480,348.0
5150,1435993262535,327.0
5151,1435993262536,327.0
5152,1435993262537,324.0
5153,1435993262551,324.0
5154,1435993262570,299.0
5155,1435993262588,299.0
5156,1435993262608,273.0
5157,1435993262634,273.0
5158,1435993262649,266.0
5159,1435993262675,246.0
5160,1435993262690,246.0
5161,1435993262710,212.0
5162,1435993262730,212.0
5163,1435993262750,184.0
5164,1435993262769,184.0
5165,1435993262792,177.0
5166,1435993262813,177.0
5167,1435993262833,209.0
5168,1435993262852,209.0
5169,1435993262875,207.0
5170,1435993262892,182.0
5171,1435993262911,182.0
5172,1435993262935,160.0
5173,1435993262950,160.0
5174,1435993262970,143.0
5175,1435993262990,143.0
5176,1435993263011,127.0
5177,1435993263036,127.0
5178,1435993263056,111.0
5179,1435993263073,111.0
5180,1435993263091,94.0
5181,1435993263111,94.0
5182,1435993263130,82.0
5183,1435993263154,74.0
5184,1435993263228,74.0
5185,1435993263229,67.0
5186,1435993263230,67.0
5187,1435993263231,63.0
5188,1435993263249,63.0
5189,1435993263269,63.0
5190,1435993263289,63.0
5191,1435993263309,61.0
5192,1435993263331,61.0
5193,1435993263354,59.0
5194,1435993263370,61.0
5195,1435993263394,61.0
5196,1435993263417,70.0
5197,1435993263432,70.0
5198,1435993263452,97.0
5199,1435993263474,97.0
5200,1435993263494,144.0
5201,1435993263513,144.0
5202,1435993263533,189.0
5203,1435993263554,189.0
5204,1435993263574,235.0
5205,1435993263594,269.0
5206,1435993263613,269.0
5207,1435993263633,295.0
5208,1435993263655,295.0
5209,1435993263671,290.0
5210,1435993263692,290.0
5211,1435993263713,288.0
5212,1435993263733,288.0
5213,1435993263754,273.0
5214,1435993263771,273.0
5215,1435993263834,267.0
5216,1435993263835,330.0
5217,1435993263836,330.0
5218,1435993263856,405.0
5219,1435993263871,405.0
5220,1435993263890,342.0
5221,1435993263910,342.0
5222,1435993263934,201.0
5223,1435993263953,201.0
5224,1435993263972,172.0
5225,1435993263994,172.0
5226,1435993264014,179.0
5227,1435993264047,182.0
5228,1435993264055,182.0
5229,1435993264088,157.0
5230,1435993264101,157.0
5231,1435993264111,136.0
5232,1435993264137,136.0
5233,1435993264156,124.0
5234,1435993264178,124.0
5235,1435993264216,114.0
5236,1435993264217,114.0
5237,1435993264251,103.0
5238,1435993264252,89.0
5239,1435993264270,89.0
5240,1435993264289,78.0
5241,1435993264313,78.0
5242,1435993264332,70.0
5243,1435993264352,70.0
5244,1435993264378,65.0
5245,1435993264398,65.0
5246,1435993264417,61.0
5247,1435993264433,61.0
5248,1435993264462,58.0
5249,1435993264504,55.0
5250,1435993264505,55.0
5251,1435993264518,55.0
5252,1435993264537,55.0
5253,1435993264551,56.0
5254,1435993264572,56.0
5255,1435993264594,63.0
5256,1435993264615,63.0
5257,1435993264632,92.0
5258,1435993264655,92.0
5259,1435993264675,144.0
5260,1435993264702,193.0
5261,1435993264716,193.0
5262,1435993264732,233.0
5263,1435993264752,233.0
5264,1435993264771,261.0
5265,1435993264792,261.0
5266,1435993264814,283.0
5267,1435993264835,283.0
5268,1435993264855,286.0
5269,1435993264873,286.0
5270,1435993264895,283.0
5271,1435993264914,283.0
5272,1435993264932,283.0
5273,1435993264953,261.0
5274,1435993264978,261.0
5275,1435993264998,249.0
5276,1435993265017,249.0
5277,1435993265035,242.0
5278,1435993265052,242.0
5279,1435993265073,221.0
5280,1435993265096,221.0
5281,1435993265125,193.0
5282,1435993265163,175.0
5283,1435993265164,175.0
5284,1435993265178,175.0
5285,1435993265207,175.0
5286,1435993265211,176.0
5287,1435993265231,176.0
5288,1435993265251,152.0
5289,1435993265274,152.0
5290,1435993265291,131.0
5291,1435993265315,131.0
5292,1435993265344,114.0
5293,1435993265353,114.0
5294,1435993265371,101.0
5295,1435993265392,88.0
5296,1435993265415,88.0
5297,1435993265430,74.0
5298,1435993265451,74.0
5299,1435993265471,64.0
5300,1435993265491,64.0
5301,1435993265511,59.0
5302,1435993265531,59.0
5303,1435993265551,54.0
5304,1435993265576,54.0
5305,1435993265595,51.0
5306,1435993265615,49.0
5307,1435993265636,49.0
5308,1435993265656,46.0
5309,1435993265675,46.0
5310,1435993265696,46.0
5311,1435993265715,46.0
5312,1435993265735,48.0
5313,1435993265764,48.0
5314,1435993265832,58.0
5315,1435993265833,58.0
5316,1435993265834,94.0
5317,1435993265835,151.0
5318,1435993265851,151.0
5319,1435993265872,208.0
5320,1435993265892,208.0
5321,1435993265915,251.0
5322,1435993265934,251.0
5323,1435993265953,278.0
5324,1435993265976,278.0
5325,1435993265996,294.0
5326,1435993266019,294.0
5327,1435993266035,295.0
5328,1435993266056,290.0
5329,1435993266076,290.0
5330,1435993266096,295.0
5331,1435993266117,295.0
5332,1435993266136,283.0
5333,1435993266156,283.0
5334,1435993266177,273.0
5335,1435993266203,273.0
5336,1435993266214,266.0
5337,1435993266232,266.0
5338,1435993266254,237.0
5339,1435993266274,209.0
5340,1435993266297,209.0
5341,1435993266317,180.0
5342,1435993266337,180.0
5343,1435993266376,172.0
5344,1435993266377,172.0
5345,1435993266395,157.0
5346,1435993266416,157.0
5347,1435993266434,135.0
5348,1435993266496,135.0
5349,1435993266497,124.0
5350,1435993266498,111.0
5351,1435993266521,111.0
5352,1435993266534,99.0
5353,1435993266554,99.0
5354,1435993266575,87.0
5355,1435993266596,87.0
5356,1435993266614,73.0
5357,1435993266637,73.0
5358,1435993266657,59.0
5359,1435993266679,59.0
5360,1435993266694,51.0
5361,1435993266714,46.0
5362,1435993266733,46.0
5363,1435993266753,42.0
5364,1435993266775,42.0
5365,1435993266794,39.0
5366,1435993266816,39.0
5367,1435993266835,36.0
5368,1435993266856,36.0
5369,1435993266876,37.0
5370,1435993266897,37.0
5371,1435993266915,40.0
5372,1435993266936,48.0
5373,1435993266959,48.0
5374,1435993266979,78.0
5375,1435993266999,78.0
5376,1435993267017,143.0
5377,1435993267035,143.0
5378,1435993267055,218.0
5379,1435993267078,218.0
5380,1435993267095,286.0
5381,1435993267163,286.0
5382,1435993267164,311.0
5383,1435993267165,329.0
5384,1435993267178,329.0
5385,1435993267195,338.0
5386,1435993267213,338.0
5387,1435993267237,340.0
5388,1435993267256,340.0
5389,1435993267275,337.0
5390,1435993267297,337.0
5391,1435993267317,315.0
5392,1435993267337,315.0
5393,1435993267370,306.0
5394,1435993267375,296.0
5395,1435993267396,296.0
5396,1435993267416,263.0
5397,1435993267436,263.0
5398,1435993267456,231.0
5399,1435993267477,231.0
5400,1435993267496,203.0
5401,1435993267516,203.0
5402,1435993267538,189.0
5403,1435993267555,189.0
5404,1435993267574,178.0
5405,1435993267594,178.0
5406,1435993267622,155.0
5407,1435993267639,135.0
5408,1435993267660,135.0
5409,1435993267679,118.0
5410,1435993267696,118.0
5411,1435993267715,102.0
5412,1435993267738,102.0
5413,1435993267757,86.0
5414,1435993267811,86.0
5415,1435993267812,68.0
5416,1435993267813,68.0
5417,1435993267836,54.0
5418,1435993267857,47.0
5419,1435993267876,47.0
5420,1435993267897,42.0
5421,1435993267916,42.0
5422,1435993267935,38.0
5423,1435993267956,38.0
5424,1435993267980,37.0
5425,1435993267998,37.0
5426,1435993268019,36.0
5427,1435993268037,36.0
5428,1435993268058,37.0
5429,1435993268078,40.0
5430,1435993268099,40.0
5431,1435993268117,49.0
5432,1435993268137,49.0
5433,1435993268161,83.0
5434,1435993268175,83.0
5435,1435993268198,158.0
5436,1435993268217,158.0
5437,1435993268236,240.0
5438,1435993268256,240.0
5439,1435993268281,304.0
5440,1435993268298,345.0
5441,1435993268318,345.0
5442,1435993268339,370.0
5443,1435993268357,370.0
5444,1435993268377,371.0
5445,1435993268397,371.0
5446,1435993268416,366.0
5447,1435993268438,366.0
5448,1435993268477,351.0
5449,1435993268478,351.0
5450,1435993268494,332.0
5451,1435993268515,322.0
5452,1435993268535,322.0
5453,1435993268556,312.0
5454,1435993268576,312.0
5455,1435993268598,290.0
5456,1435993268615,290.0
5457,1435993268639,251.0
5458,1435993268658,251.0
5459,1435993268678,214.0
5460,1435993268697,214.0
5461,1435993268718,189.0
5462,1435993268738,173.0
5463,1435993268759,173.0
5464,1435993268778,152.0
5465,1435993268798,152.0
5466,1435993268821,133.0
5467,1435993268837,133.0
5468,1435993268858,120.0
5469,1435993268879,120.0
5470,1435993268897,109.0
5471,1435993268916,109.0
5472,1435993268937,94.0
5473,1435993268959,73.0
5474,1435993268980,73.0
5475,1435993269043,56.0
5476,1435993269044,56.0
5477,1435993269045,48.0
5478,1435993269056,48.0
5479,1435993269075,43.0
5480,1435993269096,43.0
5481,1435993269116,38.0
5482,1435993269157,38.0
5483,1435993269158,37.0
5484,1435993269175,36.0
5485,1435993269195,36.0
5486,1435993269215,39.0
5487,1435993269235,39.0
5488,1435993269254,44.0
5489,1435993269276,44.0
5490,1435993269295,55.0
5491,1435993269316,55.0
5492,1435993269334,97.0
5493,1435993269355,97.0
5494,1435993269377,176.0
5495,1435993269396,259.0
5496,1435993269417,259.0
5497,1435993269438,330.0
5498,1435993269458,330.0
5499,1435993269479,376.0
5500,1435993269497,376.0
5501,1435993269519,403.0
5502,1435993269539,403.0
5503,1435993269556,411.0
5504,1435993269576,411.0
5505,1435993269598,402.0
5506,1435993269621,400.0
5507,1435993269642,400.0
5508,1435993269662,395.0
5509,1435993269679,395.0
5510,1435993269697,375.0
5511,1435993269718,375.0
5512,1435993269737,365.0
5513,1435993269758,365.0
5514,1435993269825,356.0
5515,1435993269826,356.0
5516,1435993269827,338.0
5517,1435993269837,338.0
5518,1435993269855,295.0
5519,1435993269875,240.0
5520,1435993269896,240.0
5521,1435993269915,183.0
5522,1435993269937,183.0
5523,1435993269960,166.0
5524,1435993269979,166.0
5525,1435993269999,164.0
5526,1435993270021,164.0
5527,1435993270039,167.0
5528,1435993270059,167.0
5529,1435993270082,162.0
5530,1435993270099,148.0
5531,1435993270119,148.0
5532,1435993270141,130.0
5533,1435993270159,130.0
5534,1435993270177,105.0
5535,1435993270199,105.0
5536,1435993270217,79.0
5537,1435993270242,79.0
5538,1435993270262,60.0
5539,1435993270314,60.0
5540,1435993270315,50.0
5541,1435993270318,44.0
5542,1435993270342,44.0
5543,1435993270358,41.0
5544,1435993270386,41.0
5545,1435993270426,40.0
5546,1435993270427,40.0
5547,1435993270444,40.0
5548,1435993270461,40.0
5549,1435993270476,44.0
5550,1435993270498,44.0
5551,1435993270519,51.0
5552,1435993270537,84.0
5553,1435993270559,84.0
5554,1435993270580,158.0
5555,1435993270600,158.0
5556,1435993270619,243.0
5557,1435993270640,243.0
5558,1435993270661,326.0
5559,1435993270681,326.0
5560,1435993270700,388.0
5561,1435993270720,388.0
5562,1435993270741,423.0
5563,1435993270759,432.0
5564,1435993270779,432.0
5565,1435993270801,419.0
5566,1435993270820,419.0
5567,1435993270889,419.0
5568,1435993270890,419.0
5569,1435993270891,412.0
5570,1435993270896,412.0
5571,1435993270916,394.0
5572,1435993270936,394.0
5573,1435993270957,386.0
5574,1435993270977,372.0
5575,1435993270999,372.0
5576,1435993271019,352.0
5577,1435993271088,352.0
5578,1435993271089,299.0
5579,1435993271090,299.0
5580,1435993271102,244.0
5581,1435993271118,244.0
5582,1435993271138,191.0
5583,1435993271159,191.0
5584,1435993271179,180.0
5585,1435993271198,186.0
5586,1435993271222,186.0
5587,1435993271242,189.0
5588,1435993271258,189.0
5589,1435993271282,177.0
5590,1435993271301,177.0
5591,1435993271320,153.0
5592,1435993271347,153.0
5593,1435993271358,127.0
5594,1435993271379,127.0
5595,1435993271399,102.0
5596,1435993271418,78.0
5597,1435993271438,78.0
5598,1435993271460,61.0
5599,1435993271478,61.0
5600,1435993271497,53.0
5601,1435993271517,53.0
5602,1435993271539,49.0
5603,1435993271560,49.0
5604,1435993271581,49.0
5605,1435993271599,49.0
5606,1435993271619,51.0
5607,1435993271641,54.0
5608,1435993271659,54.0
5609,1435993271680,56.0
5610,1435993271709,56.0
5611,1435993271771,68.0
5612,1435993271772,68.0
5613,1435993271773,112.0
5614,1435993271777,112.0
5615,1435993271797,204.0
5616,1435993271820,204.0
5617,1435993271837,341.0
5618,1435993271857,468.0
5619,1435993271878,468.0
5620,1435993271897,626.0
5621,1435993271918,626.0
5622,1435993271940,959.0
5623,1435993271960,959.0
5624,1435993271981,1344.0
5625,1435993272002,1344.0
5626,1435993272020,1486.0
5627,1435993272041,1486.0
5628,1435993272062,1361.0
5629,1435993272085,1361.0
5630,1435993272101,757.0
5631,1435993272120,516.0
5632,1435993272140,516.0
5633,1435993272161,456.0
5634,1435993272180,456.0
5635,1435993272201,435.0
5636,1435993272224,435.0
5637,1435993272247,404.0
5638,1435993272259,404.0
5639,1435993272281,324.0
5640,1435993272300,324.0
5641,1435993272319,252.0
5642,1435993272421,221.0
5643,1435993272422,221.0
5644,1435993272423,300.0
5645,1435993272424,300.0
5646,1435993272425,262.0
5647,1435993272437,262.0
5648,1435993272457,223.0
5649,1435993272480,223.0
5650,1435993272498,193.0
5651,1435993272519,193.0
5652,1435993272543,163.0
5653,1435993272561,131.0
5654,1435993272581,131.0
5655,1435993272600,101.0
5656,1435993272620,101.0
5657,1435993272642,76.0
5658,1435993272664,76.0
5659,1435993272680,62.0
5660,1435993272702,62.0
5661,1435993272726,54.0
5662,1435993272741,54.0
5663,1435993272762,51.0
5664,1435993272782,51.0
5665,1435993272802,51.0
5666,1435993272819,52.0
5667,1435993272842,52.0
5668,1435993272867,54.0
5669,1435993272882,54.0
5670,1435993272901,58.0
5671,1435993272919,58.0
5672,1435993272939,72.0
5673,1435993272960,72.0
5674,1435993272982,125.0
5675,1435993273028,230.0
5676,1435993273029,230.0
5677,1435993273039,396.0
5678,1435993273062,396.0
5679,1435993273080,696.0
5680,1435993273101,696.0
5681,1435993273121,870.0
5682,1435993273140,870.0
5683,1435993273160,873.0
5684,1435993273184,873.0
5685,1435993273204,813.0
5686,1435993273226,611.0
5687,1435993273247,611.0
5688,1435993273262,564.0
5689,1435993273282,564.0
5690,1435993273301,511.0
5691,1435993273323,511.0
5692,1435993273342,488.0
5693,1435993273367,488.0
5694,1435993273387,480.0
5695,1435993273408,480.0
5696,1435993273419,464.0
5697,1435993273439,429.0
5698,1435993273462,429.0
5699,1435993273482,345.0
5700,1435993273505,345.0
5701,1435993273522,264.0
5702,1435993273542,264.0
5703,1435993273564,223.0
5704,1435993273584,223.0
5705,1435993273604,227.0
5706,1435993273625,227.0
5707,1435993273643,233.0
5708,1435993273685,217.0
5709,1435993273686,217.0
5710,1435993273699,196.0
5711,1435993273720,196.0
5712,1435993273740,174.0
5713,1435993273759,174.0
5714,1435993273782,143.0
5715,1435993273802,143.0
5716,1435993273820,112.0
5717,1435993273845,112.0
5718,1435993273862,85.0
5719,1435993273881,68.0
5720,1435993273900,68.0
5721,1435993273921,59.0
5722,1435993273940,59.0
5723,1435993273960,53.0
5724,1435993273984,53.0
5725,1435993274004,52.0
5726,1435993274024,52.0
5727,1435993274043,53.0
5728,1435993274061,53.0
5729,1435993274081,57.0
5730,1435993274102,57.0
5731,1435993274122,61.0
5732,1435993274141,78.0
5733,1435993274165,78.0
5734,1435993274181,136.0
5735,1435993274204,136.0
5736,1435993274225,249.0
5737,1435993274271,249.0
5738,1435993274272,455.0
5739,1435993274281,455.0
5740,1435993274301,693.0
5741,1435993274372,693.0
5742,1435993274373,686.0
5743,1435993274374,627.0
5744,1435993274379,627.0
5745,1435993274400,593.0
5746,1435993274419,593.0
5747,1435993274440,631.0
5748,1435993274463,631.0
5749,1435993274485,678.0
5750,1435993274504,678.0
5751,1435993274524,663.0
5752,1435993274546,663.0
5753,1435993274561,617.0
5754,1435993274585,603.0
5755,1435993274604,603.0
5756,1435993274624,574.0
5757,1435993274655,574.0
5758,1435993274661,480.0
5759,1435993274681,480.0
5760,1435993274702,340.0
5761,1435993274719,340.0
5762,1435993274739,267.0
5763,1435993274762,267.0
5764,1435993274779,243.0
5765,1435993274804,318.0
5766,1435993274827,318.0
5767,1435993274845,303.0
5768,1435993274862,303.0
5769,1435993274884,251.0
5770,1435993274903,251.0
5771,1435993274929,215.0
5772,1435993274969,215.0
5773,1435993274970,182.0
5774,1435993274985,182.0
5775,1435993275004,147.0
5776,1435993275020,115.0
5777,1435993275042,115.0
5778,1435993275063,90.0
5779,1435993275082,90.0
5780,1435993275102,74.0
5781,1435993275124,74.0
5782,1435993275144,65.0
5783,1435993275166,65.0
5784,1435993275182,58.0
5785,1435993275204,58.0
5786,1435993275225,57.0
5787,1435993275249,60.0
5788,1435993275266,60.0
5789,1435993275284,68.0
5790,1435993275305,68.0
5791,1435993275335,78.0
5792,1435993275417,78.0
5793,1435993275418,91.0
5794,1435993275419,91.0
5795,1435993275420,127.0
5796,1435993275421,127.0
5797,1435993275440,210.0
5798,1435993275460,317.0
5799,1435993275481,317.0
5800,1435993275500,487.0
5801,1435993275520,487.0
5802,1435993275541,673.0
5803,1435993275561,673.0
5804,1435993275587,870.0
5805,1435993275601,870.0
5806,1435993275621,1147.0
5807,1435993275643,1147.0
5808,1435993275661,1414.0
5809,1435993275683,1643.0
5810,1435993275701,1643.0
5811,1435993275722,1759.0
5812,1435993275741,1759.0
5813,1435993275761,1603.0
5814,1435993275786,1603.0
5815,1435993275802,1604.0
5816,1435993275825,1604.0
5817,1435993275864,2229.0
5818,1435993275865,2229.0
5819,1435993275882,862.0
5820,1435993275902,519.0
5821,1435993275922,353.0
5822,1435993275941,287.0
5823,1435993275965,287.0
5824,1435993275986,615.0
5825,1435993276006,615.0
5826,1435993276028,771.0
5827,1435993276044,771.0
5828,1435993276065,444.0
5829,1435993276088,444.0
5830,1435993276108,354.0
5831,1435993276129,300.0
5832,1435993276145,300.0
5833,1435993276169,240.0
5834,1435993276225,240.0
5835,1435993276226,187.0
5836,1435993276227,187.0
5837,1435993276241,145.0
5838,1435993276264,145.0
5839,1435993276285,114.0
5840,1435993276305,114.0
5841,1435993276323,95.0
5842,1435993276344,95.0
5843,1435993276366,81.0
5844,1435993276386,73.0
5845,1435993276406,73.0
5846,1435993276423,70.0
5847,1435993276447,70.0
5848,1435993276466,74.0
5849,1435993276486,74.0
5850,1435993276507,83.0
5851,1435993276525,83.0
5852,1435993276547,96.0
5853,1435993276565,96.0
5854,1435993276586,129.0
5855,1435993276605,207.0
5856,1435993276625,207.0
5857,1435993276645,324.0
5858,1435993276668,324.0
5859,1435993276689,541.0
5860,1435993276708,541.0
5861,1435993276727,802.0
5862,1435993276753,802.0
5863,1435993276763,917.0
5864,1435993276782,917.0
5865,1435993276804,1085.0
5866,1435993276828,1817.0
5867,1435993276842,1817.0
5868,1435993276863,2512.0
5869,1435993276885,2512.0
5870,1435993276906,2823.0
5871,1435993276923,2823.0
5872,1435993276944,3341.0
5873,1435993276965,3341.0
5874,1435993276987,3483.0
5875,1435993277006,3483.0
5876,1435993277026,4093.0
5877,1435993277044,3074.0
5878,1435993277066,3074.0
5879,1435993277086,2212.0
5880,1435993277107,2212.0
5881,1435993277126,402.0
5882,1435993277146,402.0
5883,1435993277171,337.0
5884,1435993277184,337.0
5885,1435993277206,599.0
5886,1435993277227,599.0
5887,1435993277243,2367.0
5888,1435993277264,1526.0
5889,1435993277290,1526.0
5890,1435993277309,684.0
5891,1435993277329,684.0
5892,1435993277348,389.0
5893,1435993277364,389.0
5894,1435993277384,331.0
5895,1435993277406,331.0
5896,1435993277434,262.0
5897,1435993277487,262.0
5898,1435993277488,214.0
5899,1435993277489,193.0
5900,1435993277505,193.0
5901,1435993277527,142.0
5902,1435993277544,142.0
5903,1435993277565,113.0
5904,1435993277585,113.0
5905,1435993277604,101.0
5906,1435993277626,101.0
5907,1435993277648,92.0
5908,1435993277667,92.0
5909,1435993277689,91.0
5910,1435993277707,90.0
5911,1435993277727,90.0
5912,1435993277747,90.0
5913,1435993278710,90.0
5914,1435993278711,89.0
5915,1435993278712,89.0
5916,1435993278713,92.0
5917,1435993278714,92.0
5918,1435993278715,116.0
5919,1435993278716,116.0
5920,1435993278717,194.0
5921,1435993278718,325.0
5922,1435993278719,325.0
5923,1435993278720,574.0
5924,1435993278721,574.0
5925,1435993278722,958.0
5926,1435993278723,958.0
5927,1435993278724,1306.0
5928,1435993278725,1306.0
5929,1435993278726,1375.0
5930,1435993278727,1375.0
5931,1435993278728,1186.0
5932,1435993278729,1020.0
5933,1435993278730,1020.0
5934,1435993278731,981.0
5935,1435993278732,981.0
5936,1435993278733,833.0
5937,1435993278734,833.0
5938,1435993278735,760.0
5939,1435993278736,760.0
5940,1435993278737,647.0
5941,1435993278738,647.0
5942,1435993278739,442.0
5943,1435993278740,349.0
5944,1435993278741,349.0
5945,1435993278742,258.0
5946,1435993278743,258.0
5947,1435993278744,274.0
5948,1435993278745,274.0
5949,1435993278746,293.0
5950,1435993278747,293.0
5951,1435993278748,272.0
5952,1435993278749,272.0
5953,1435993278750,262.0
5954,1435993278751,242.0
5955,1435993278752,242.0
5956,1435993278753,211.0
5957,1435993278754,211.0
5958,1435993278755,179.0
5959,1435993278756,179.0
5960,1435993278757,145.0
5961,1435993278758,145.0
5962,1435993278759,112.0
5963,1435993278763,112.0
5964,1435993278784,91.0
5965,1435993278803,91.0
5966,1435993278823,79.0
5967,1435993278844,72.0
5968,1435993278863,72.0
5969,1435993278883,73.0
5970,1435993278905,73.0
5971,1435993278923,82.0
5972,1435993278943,82.0
5973,1435993278966,94.0
5974,1435993279017,94.0
5975,1435993279018,105.0
5976,1435993279026,105.0
5977,1435993279044,127.0
5978,1435993279068,190.0
5979,1435993279088,190.0
5980,1435993279108,291.0
5981,1435993279128,291.0
5982,1435993279150,435.0
5983,1435993279170,435.0
5984,1435993279188,704.0
5985,1435993279208,704.0
5986,1435993279227,671.0
5987,1435993279247,671.0
5988,1435993279275,713.0
5989,1435993279316,737.0
5990,1435993279317,737.0
5991,1435993279332,729.0
5992,1435993279347,729.0
5993,1435993279365,718.0
5994,1435993279387,718.0
5995,1435993279406,717.0
5996,1435993279427,717.0
5997,1435993279445,718.0
5998,1435993279465,718.0
5999,1435993279486,691.0
6000,1435993279509,643.0
6001,1435993279527,643.0
6002,1435993279549,481.0
6003,1435993279571,481.0
6004,1435993279589,391.0
6005,1435993279609,391.0
6006,1435993279629,305.0
6007,1435993279649,305.0
6008,1435993279667,282.0
6009,1435993279691,282.0
6010,1435993279709,287.0
6011,1435993279727,296.0
6012,1435993279751,296.0
6013,1435993279767,274.0
6014,1435993279800,274.0
6015,1435993279811,247.0
6016,1435993279831,247.0
6017,1435993279849,218.0
6018,1435993279871,218.0
6019,1435993279887,186.0
6020,1435993279908,186.0
6021,1435993279928,150.0
6022,1435993279988,113.0
6023,1435993279989,113.0
6024,1435993279990,93.0
6025,1435993280005,93.0
6026,1435993280025,82.0
6027,1435993280048,82.0
6028,1435993280066,76.0
6029,1435993280089,76.0
6030,1435993280107,74.0
6031,1435993280137,74.0
6032,1435993280145,76.0
6033,1435993280165,82.0
6034,1435993280185,82.0
6035,1435993280205,92.0
6036,1435993280225,92.0
6037,1435993280245,129.0
6038,1435993280265,129.0
6039,1435993280307,219.0
6040,1435993280308,219.0
6041,1435993280329,356.0
6042,1435993280352,356.0
6043,1435993280369,522.0
6044,1435993280389,669.0
6045,1435993280409,669.0
6046,1435993280427,752.0
6047,1435993280448,752.0
6048,1435993280472,793.0
6049,1435993280492,793.0
6050,1435993280513,805.0
6051,1435993280530,805.0
6052,1435993280548,812.0
6053,1435993280567,812.0
6054,1435993280590,773.0
6055,1435993280609,748.0
6056,1435993280672,748.0
6057,1435993280673,748.0
6058,1435993280674,748.0
6059,1435993280695,721.0
6060,1435993280707,721.0
6061,1435993280727,645.0
6062,1435993280746,645.0
6063,1435993280768,511.0
6064,1435993280786,511.0
6065,1435993280808,405.0
6066,1435993280830,325.0
6067,1435993280850,325.0
6068,1435993280870,350.0
6069,1435993280889,350.0
6070,1435993280909,386.0
6071,1435993280930,386.0
6072,1435993280951,392.0
6073,1435993280970,392.0
6074,1435993280990,372.0
6075,1435993281010,372.0
6076,1435993281030,342.0
6077,1435993281050,305.0
6078,1435993281070,305.0
6079,1435993281090,267.0
6080,1435993281110,267.0
6081,1435993281131,226.0
6082,1435993281150,226.0
6083,1435993281170,186.0
6084,1435993281196,186.0
6085,1435993281231,158.0
6086,1435993281232,158.0
6087,1435993281255,143.0
6088,1435993281281,143.0
6089,1435993281286,136.0
6090,1435993281307,134.0
6091,1435993281328,134.0
6092,1435993281347,132.0
6093,1435993281372,132.0
6094,1435993281387,132.0
6095,1435993281408,132.0
6096,1435993281431,140.0
6097,1435993281451,140.0
6098,1435993281471,185.0
6099,1435993281491,185.0
6100,1435993281510,277.0
6101,1435993281530,422.0
6102,1435993281553,422.0
6103,1435993281571,576.0
6104,1435993281591,576.0
6105,1435993281609,689.0
6106,1435993281633,689.0
6107,1435993281651,948.0
6108,1435993281676,948.0
6109,1435993281694,1186.0
6110,1435993281712,1186.0
6111,1435993281730,1128.0
6112,1435993281748,922.0
6113,1435993281768,922.0
6114,1435993281788,865.0
6115,1435993281808,865.0
6116,1435993281843,879.0
6117,1435993281849,879.0
6118,1435993281867,871.0
6119,1435993281887,871.0
6120,1435993281907,815.0
6121,1435993281927,815.0
6122,1435993281947,774.0
6123,1435993281968,718.0
6124,1435993281988,718.0
6125,1435993282008,599.0
6126,1435993282029,599.0
6127,1435993282051,486.0
6128,1435993282071,486.0
6129,1435993282092,383.0
6130,1435993282110,383.0
6131,1435993282130,373.0
6132,1435993282150,373.0
6133,1435993282170,415.0
6134,1435993282191,416.0
6135,1435993282220,416.0
6136,1435993282230,388.0
6137,1435993282257,388.0
6138,1435993282269,363.0
6139,1435993282287,363.0
6140,1435993282308,331.0
6141,1435993282331,331.0
6142,1435993282350,296.0
6143,1435993282371,296.0
6144,1435993282391,256.0
6145,1435993282411,212.0
6146,1435993282430,212.0
6147,1435993282452,173.0
6148,1435993282469,173.0
6149,1435993282491,148.0
6150,1435993282521,148.0
6151,1435993282561,136.0
6152,1435993282562,136.0
6153,1435993282572,129.0
6154,1435993282587,129.0
6155,1435993282607,130.0
6156,1435993282630,144.0
6157,1435993282649,144.0
6158,1435993282669,169.0
6159,1435993282692,169.0
6160,1435993282712,219.0
6161,1435993282729,219.0
6162,1435993282750,325.0
6163,1435993282769,325.0
6164,1435993282789,468.0
6165,1435993282809,468.0
6166,1435993282831,628.0
6167,1435993282851,916.0
6168,1435993282874,916.0
6169,1435993282890,1037.0
6170,1435993282916,1037.0
6171,1435993282932,1063.0
6172,1435993282950,1063.0
6173,1435993282977,1087.0
6174,1435993283013,1087.0
6175,1435993283014,1154.0
6176,1435993283029,1154.0
6177,1435993283050,1296.0
6178,1435993283070,1387.0
6179,1435993283092,1387.0
6180,1435993283112,1541.0
6181,1435993283130,1541.0
6182,1435993283151,1637.0
6183,1435993283180,1637.0
6184,1435993283257,1358.0
6185,1435993283258,1358.0
6186,1435993283259,637.0
6187,1435993283260,637.0
6188,1435993283272,520.0
6189,1435993283289,495.0
6190,1435993283308,495.0
6191,1435993283328,998.0
6192,1435993283348,998.0
6193,1435993283370,783.0
6194,1435993283393,783.0
6195,1435993283416,600.0
6196,1435993283430,600.0
6197,1435993283452,537.0
6198,1435993283475,537.0
6199,1435993283492,488.0
6200,1435993283512,440.0
6201,1435993283534,440.0
6202,1435993283552,394.0
6203,1435993283577,394.0
6204,1435993283595,339.0
6205,1435993283612,339.0
6206,1435993283632,281.0
6207,1435993283656,281.0
6208,1435993283672,233.0
6209,1435993283690,233.0
6210,1435993283711,196.0
6211,1435993283732,196.0
6212,1435993283757,175.0
6213,1435993283770,175.0
6214,1435993283790,175.0
6215,1435993283810,192.0
6216,1435993283879,192.0
6217,1435993283880,230.0
6218,1435993283881,230.0
6219,1435993283894,272.0
6220,1435993283910,272.0
6221,1435993283928,327.0
6222,1435993283950,327.0
6223,1435993283973,417.0
6224,1435993283994,545.0
6225,1435993284012,545.0
6226,1435993284033,718.0
6227,1435993284054,718.0
6228,1435993284074,1476.0
6229,1435993284091,1476.0
6230,1435993284114,2002.0
6231,1435993284136,2002.0
6232,1435993284152,1994.0
6233,1435993284174,1994.0
6234,1435993284193,2592.0
6235,1435993284214,3131.0
6236,1435993284281,3131.0
6237,1435993284285,5258.0
6238,1435993284286,5258.0
6239,1435993284289,9181.0
6240,1435993284309,9181.0
6241,1435993284329,10119.0
6242,1435993284350,10119.0
6243,1435993284374,9552.0
6244,1435993284393,9552.0
6245,1435993284413,3212.0
6246,1435993284435,658.0
6247,1435993284451,658.0
6248,1435993284471,543.0
6249,1435993284504,543.0
6250,1435993284509,888.0
6251,1435993284529,888.0
6252,1435993284550,2143.0
6253,1435993284574,2143.0
6254,1435993284595,1436.0
6255,1435993284615,1436.0
6256,1435993284631,918.0
6257,1435993284655,758.0
6258,1435993284674,758.0
6259,1435993284695,631.0
6260,1435993284713,631.0
6261,1435993284732,526.0
6262,1435993284754,526.0
6263,1435993284772,458.0
6264,1435993284794,458.0
6265,1435993284811,402.0
6266,1435993285762,402.0
6267,1435993285763,352.0
6268,1435993285764,312.0
6269,1435993285765,312.0
6270,1435993285766,274.0
6271,1435993285767,274.0
6272,1435993285768,228.0
6273,1435993285769,228.0
6274,1435993285770,207.0
6275,1435993285771,207.0
6276,1435993285772,219.0
6277,1435993285773,219.0
6278,1435993285774,248.0
6279,1435993285775,288.0
6280,1435993285776,288.0
6281,1435993285777,343.0
6282,1435993285778,343.0
6283,1435993285779,417.0
6284,1435993285780,417.0
6285,1435993285781,501.0
6286,1435993285782,501.0
6287,1435993285783,617.0
6288,1435993285784,617.0
6289,1435993285785,888.0
6290,1435993285786,885.0
6291,1435993285787,885.0
6292,1435993285788,926.0
6293,1435993285789,926.0
6294,1435993285790,963.0
6295,1435993285791,963.0
6296,1435993285792,1496.0
6297,1435993285793,1496.0
6298,1435993285794,2249.0
6299,1435993285795,2249.0
6300,1435993285796,2531.0
6301,1435993285797,2644.0
6302,1435993285798,2644.0
6303,1435993285799,2463.0
6304,1435993285800,2463.0
6305,1435993285801,1881.0
6306,1435993285802,1881.0
6307,1435993285803,609.0
6308,1435993285804,609.0
6309,1435993285805,499.0
6310,1435993285806,499.0
6311,1435993285807,489.0
6312,1435993285808,1226.0
6313,1435993285809,1226.0
6314,1435993285810,905.0
6315,1435993285813,905.0
6316,1435993285830,685.0
6317,1435993285850,685.0
6318,1435993285872,566.0
6319,1435993285890,566.0
6320,1435993285910,471.0
6321,1435993285933,471.0
6322,1435993285951,405.0
6323,1435993285971,348.0
6324,1435993285991,348.0
6325,1435993286011,300.0
6326,1435993286031,300.0
6327,1435993286052,267.0
6328,1435993286070,267.0
6329,1435993286093,245.0
6330,1435993286115,245.0
6331,1435993286133,217.0
6332,1435993286157,217.0
6333,1435993286178,192.0
6334,1435993286197,192.0
6335,1435993286215,166.0
6336,1435993286235,149.0
6337,1435993286253,149.0
6338,1435993286275,145.0
6339,1435993286306,145.0
6340,1435993286345,161.0
6341,1435993286346,161.0
6342,1435993286357,213.0
6343,1435993286375,213.0
6344,1435993286391,304.0
6345,1435993286413,304.0
6346,1435993286435,447.0
6347,1435993286454,658.0
6348,1435993286474,658.0
6349,1435993286496,862.0
6350,1435993286516,862.0
6351,1435993286539,1016.0
6352,1435993286552,1016.0
6353,1435993286575,884.0
6354,1435993286596,884.0
6355,1435993286615,848.0
6356,1435993286635,848.0
6357,1435993286656,826.0
6358,1435993286675,841.0
6359,1435993286694,841.0
6360,1435993286716,795.0
6361,1435993286734,795.0
6362,1435993286756,761.0
6363,1435993286776,761.0
6364,1435993286795,700.0
6365,1435993286817,700.0
6366,1435993286838,516.0
6367,1435993286872,516.0
6368,1435993286876,431.0
6369,1435993286897,362.0
6370,1435993286914,362.0
6371,1435993286936,444.0
6372,1435993287025,444.0
6373,1435993287026,474.0
6374,1435993287027,474.0
6375,1435993287028,413.0
6376,1435993287035,413.0
6377,1435993287051,356.0
6378,1435993287074,356.0
6379,1435993287097,318.0
6380,1435993287112,277.0
6381,1435993287136,277.0
6382,1435993287156,235.0
6383,1435993287176,235.0
6384,1435993287197,194.0
6385,1435993287217,194.0
6386,1435993287241,163.0
6387,1435993287254,163.0
6388,1435993287274,141.0
6389,1435993287294,141.0
6390,1435993287314,124.0
6391,1435993287333,118.0
6392,1435993287355,118.0
6393,1435993287377,120.0
6394,1435993287396,120.0
6395,1435993287415,127.0
6396,1435993287435,127.0
6397,1435993287455,135.0
6398,1435993287476,135.0
6399,1435993287497,155.0
6400,1435993287516,155.0
6401,1435993287536,215.0
6402,1435993287555,316.0
6403,1435993287576,316.0
6404,1435993287596,449.0
6405,1435993287616,449.0
6406,1435993287636,603.0
6407,1435993287681,603.0
6408,1435993287682,718.0
6409,1435993287692,718.0
6410,1435993287713,771.0
6411,1435993287737,771.0
6412,1435993287754,764.0
6413,1435993287774,737.0
6414,1435993287794,737.0
6415,1435993287815,737.0
6416,1435993287836,737.0
6417,1435993287857,712.0
6418,1435993287877,712.0
6419,1435993287894,682.0
6420,1435993287917,682.0
6421,1435993287937,670.0
6422,1435993287957,670.0
6423,1435993287978,616.0
6424,1435993287997,553.0
6425,1435993288029,553.0
6426,1435993288035,482.0
6427,1435993288056,482.0
6428,1435993288077,413.0
6429,1435993288098,413.0
6430,1435993288116,364.0
6431,1435993288139,364.0
6432,1435993288159,344.0
6433,1435993288179,344.0
6434,1435993288197,337.0
6435,1435993288219,320.0
6436,1435993288236,320.0
6437,1435993288256,295.0
6438,1435993288285,295.0
6439,1435993288338,266.0
6440,1435993288339,266.0
6441,1435993288340,235.0
6442,1435993288354,235.0
6443,1435993288373,204.0
6444,1435993288396,204.0
6445,1435993288413,173.0
6446,1435993288436,173.0
6447,1435993288454,147.0
6448,1435993288475,127.0
6449,1435993288497,127.0
6450,1435993288518,112.0
6451,1435993288538,112.0
6452,1435993288555,108.0
6453,1435993288578,108.0
6454,1435993288597,111.0
6455,1435993288617,111.0
6456,1435993288638,115.0
6457,1435993288657,115.0
6458,1435993288678,117.0
6459,1435993288697,125.0
6460,1435993288717,125.0
6461,1435993288738,152.0
6462,1435993288757,152.0
6463,1435993288777,181.0
6464,1435993288798,181.0
6465,1435993288819,239.0
6466,1435993288838,239.0
6467,1435993288858,359.0
6468,1435993288878,359.0
6469,1435993288898,514.0
6470,1435993288918,648.0
6471,1435993288936,648.0
6472,1435993288956,750.0
6473,1435993289028,750.0
6474,1435993289030,792.0
6475,1435993289031,792.0
6476,1435993289037,758.0
6477,1435993289061,758.0
6478,1435993289075,754.0
6479,1435993289096,754.0
6480,1435993289116,718.0
6481,1435993289134,684.0
6482,1435993289155,684.0
6483,1435993289179,657.0
6484,1435993289199,657.0
6485,1435993289216,614.0
6486,1435993289238,614.0
6487,1435993289258,536.0
6488,1435993289278,536.0
6489,1435993289300,456.0
6490,1435993289318,456.0
6491,1435993289338,386.0
6492,1435993289360,362.0
6493,1435993289376,362.0
6494,1435993289398,357.0
6495,1435993289421,357.0
6496,1435993289436,331.0
6497,1435993289456,331.0
6498,1435993289481,305.0
6499,1435993289501,305.0
6500,1435993289521,280.0
6501,1435993289542,280.0
6502,1435993289559,252.0
6503,1435993289576,221.0
6504,1435993289596,221.0
6505,1435993289616,187.0
6506,1435993289638,187.0
6507,1435993289657,157.0
6508,1435993289702,157.0
6509,1435993289703,133.0
6510,1435993289718,133.0
6511,1435993289735,115.0
6512,1435993289754,115.0
6513,1435993289776,111.0
6514,1435993289797,118.0
6515,1435993289818,118.0
6516,1435993289836,132.0
6517,1435993289858,132.0
6518,1435993289878,151.0
6519,1435993289899,151.0
6520,1435993289916,198.0
6521,1435993289939,198.0
6522,1435993289960,298.0
6523,1435993289976,298.0
6524,1435993289997,437.0
6525,1435993290019,603.0
6526,1435993290036,603.0
6527,1435993290084,775.0
6528,1435993290085,775.0
6529,1435993290099,898.0
6530,1435993290119,898.0
6531,1435993290186,955.0
6532,1435993290187,955.0
6533,1435993290188,928.0
6534,1435993290197,928.0
6535,1435993290214,879.0
6536,1435993290234,898.0
6537,1435993290255,898.0
6538,1435993290274,867.0
6539,1435993290310,867.0
6540,1435993290322,818.0
6541,1435993290342,818.0
6542,1435993290356,787.0
6543,1435993290376,787.0
6544,1435993290394,650.0
6545,1435993290415,650.0
6546,1435993290441,556.0
6547,1435993290457,462.0
6548,1435993290476,462.0
6549,1435993290499,444.0
6550,1435993290519,444.0
6551,1435993290539,449.0
6552,1435993290560,449.0
6553,1435993290580,409.0
6554,1435993290599,409.0
6555,1435993290620,374.0
6556,1435993290639,374.0
6557,1435993290659,342.0
6558,1435993290679,308.0
6559,1435993290698,308.0
6560,1435993290720,273.0
6561,1435993290744,273.0
6562,1435993290767,236.0
6563,1435993290779,236.0
6564,1435993290797,197.0
6565,1435993290816,197.0
6566,1435993290837,167.0
6567,1435993290858,167.0
6568,1435993290879,144.0
6569,1435993290900,144.0
6570,1435993290919,135.0
6571,1435993290939,136.0
6572,1435993290965,136.0
6573,1435993291010,145.0
6574,1435993291011,145.0
6575,1435993291015,156.0
6576,1435993291036,156.0
6577,1435993291055,176.0
6578,1435993291076,176.0
6579,1435993291098,250.0
6580,1435993291119,250.0
6581,1435993291137,397.0
6582,1435993291159,567.0
6583,1435993291179,567.0
6584,1435993291198,739.0
6585,1435993291221,739.0
6586,1435993292224,882.0
6587,1435993292225,882.0
6588,1435993292226,944.0
6589,1435993292227,944.0
6590,1435993292228,899.0
6591,1435993292229,899.0
6592,1435993292230,921.0
6593,1435993292231,1110.0
6594,1435993292232,1110.0
6595,1435993292233,993.0
6596,1435993292234,993.0
6597,1435993292235,1077.0
6598,1435993292236,1077.0
6599,1435993292237,1145.0
6600,1435993292238,1145.0
6601,1435993292239,661.0
6602,1435993292240,661.0
6603,1435993292241,578.0
6604,1435993292242,525.0
6605,1435993292243,525.0
6606,1435993292244,455.0
6607,1435993292245,455.0
6608,1435993292246,378.0
6609,1435993292247,378.0
6610,1435993292248,362.0
6611,1435993292249,362.0
6612,1435993292250,344.0
6613,1435993292251,344.0
6614,1435993292252,318.0
6615,1435993292253,286.0
6616,1435993292254,286.0
6617,1435993292255,250.0
6618,1435993292256,250.0
6619,1435993292257,208.0
6620,1435993292258,208.0
6621,1435993292259,169.0
6622,1435993292260,169.0
6623,1435993292261,143.0
6624,1435993292262,143.0
6625,1435993292263,129.0
6626,1435993292264,128.0
6627,1435993292265,128.0
6628,1435993292266,133.0
6629,1435993292267,133.0
6630,1435993292268,141.0
6631,1435993292269,141.0
6632,1435993292270,150.0
6633,1435993292271,150.0
6634,1435993292272,181.0
6635,1435993292273,181.0
6636,1435993292274,283.0
6637,1435993292275,455.0
6638,1435993292276,455.0
6639,1435993292297,651.0
6640,1435993292316,651.0
6641,1435993292336,820.0
6642,1435993292357,820.0
6643,1435993292376,932.0
6644,1435993292396,932.0
6645,1435993292417,982.0
6646,1435993292436,982.0
6647,1435993292458,968.0
6648,1435993292479,960.0
6649,1435993292500,960.0
6650,1435993292526,923.0
6651,1435993292540,923.0
6652,1435993292559,879.0
6653,1435993292579,879.0
6654,1435993292601,861.0
6655,1435993292619,861.0
6656,1435993292640,818.0
6657,1435993292674,818.0
6658,1435993292681,752.0
6659,1435993292698,645.0
6660,1435993292718,645.0
6661,1435993292738,513.0
6662,1435993292757,513.0
6663,1435993292791,419.0
6664,1435993292805,419.0
6665,1435993292817,387.0
6666,1435993292840,387.0
6667,1435993292858,384.0
6668,1435993292880,384.0
6669,1435993292901,366.0
6670,1435993292919,339.0
6671,1435993292939,339.0
6672,1435993292964,305.0
6673,1435993292980,305.0
6674,1435993293002,262.0
6675,1435993293020,262.0
6676,1435993293040,213.0
6677,1435993293062,213.0
6678,1435993293082,170.0
6679,1435993293100,170.0
6680,1435993293120,148.0
6681,1435993293146,137.0
6682,1435993293160,137.0
6683,1435993293182,137.0
6684,1435993293203,137.0
6685,1435993293221,144.0
6686,1435993293273,144.0
6687,1435993293274,153.0
6688,1435993293289,153.0
6689,1435993293298,162.0
6690,1435993293318,162.0
6691,1435993293337,184.0
6692,1435993293359,184.0
6693,1435993293382,267.0
6694,1435993293409,427.0
6695,1435993293459,427.0
6696,1435993293460,636.0
6697,1435993293461,636.0
6698,1435993293479,876.0
6699,1435993293498,876.0
6700,1435993293518,1073.0
6701,1435993293541,1073.0
6702,1435993293560,1165.0
6703,1435993293579,1165.0
6704,1435993293605,1161.0
6705,1435993293621,1140.0
6706,1435993293642,1140.0
6707,1435993293662,1102.0
6708,1435993293682,1102.0
6709,1435993293702,1039.0
6710,1435993293719,1039.0
6711,1435993293745,1002.0
6712,1435993293760,1002.0
6713,1435993293780,980.0
6714,1435993293800,980.0
6715,1435993293819,901.0
6716,1435993293842,766.0
6717,1435993293864,766.0
6718,1435993293884,625.0
6719,1435993293902,625.0
6720,1435993293923,563.0
6721,1435993293943,563.0
6722,1435993293962,477.0
6723,1435993293985,477.0
6724,1435993294004,462.0
6725,1435993294023,462.0
6726,1435993294044,437.0
6727,1435993294060,404.0
6728,1435993294135,404.0
6729,1435993294136,360.0
6730,1435993294137,360.0
6731,1435993294149,309.0
6732,1435993294166,309.0
6733,1435993294178,254.0
6734,1435993294199,254.0
6735,1435993294220,200.0
6736,1435993294244,200.0
6737,1435993294259,170.0
6738,1435993294280,155.0
6739,1435993294299,155.0
6740,1435993294320,154.0
6741,1435993294340,154.0
6742,1435993294364,162.0
6743,1435993294382,162.0
6744,1435993294404,173.0
6745,1435993294421,173.0
6746,1435993294441,182.0
6747,1435993294466,182.0
6748,1435993294481,205.0
6749,1435993294503,281.0
6750,1435993294525,281.0
6751,1435993294544,433.0
6752,1435993294565,433.0
6753,1435993294584,636.0
6754,1435993294603,636.0
6755,1435993294621,885.0
6756,1435993294644,885.0
6757,1435993294665,1099.0
6758,1435993294685,1099.0
6759,1435993294705,1220.0
6760,1435993294723,1249.0
6761,1435993294745,1249.0
6762,1435993294824,1202.0
6763,1435993294825,1202.0
6764,1435993294826,1165.0
6765,1435993294827,1165.0
6766,1435993294844,1160.0
6767,1435993294859,1160.0
6768,1435993294880,1094.0
6769,1435993294899,1094.0
6770,1435993294922,1031.0
6771,1435993294944,969.0
6772,1435993294964,969.0
6773,1435993294981,867.0
6774,1435993295021,867.0
6775,1435993295022,739.0
6776,1435993295044,739.0
6777,1435993295066,596.0
6778,1435993295084,596.0
6779,1435993295104,503.0
6780,1435993295126,503.0
6781,1435993295143,528.0
6782,1435993295162,522.0
6783,1435993295187,522.0
6784,1435993295203,497.0
6785,1435993295222,497.0
6786,1435993295275,474.0
6787,1435993295276,474.0
6788,1435993295291,441.0
6789,1435993295302,441.0
6790,1435993295337,402.0
6791,1435993295340,402.0
6792,1435993295387,358.0
6793,1435993295388,307.0
6794,1435993295406,307.0
6795,1435993295422,252.0
6796,1435993295439,252.0
6797,1435993295459,208.0
6798,1435993295480,208.0
6799,1435993295499,183.0
6800,1435993295519,183.0
6801,1435993295540,177.0
6802,1435993295559,177.0
6803,1435993295579,183.0
6804,1435993295600,183.0
6805,1435993295619,199.0
6806,1435993295639,212.0
6807,1435993295660,212.0
6808,1435993295679,242.0
6809,1435993295701,242.0
6810,1435993295724,296.0
6811,1435993295744,296.0
6812,1435993296587,413.0
6813,1435993296588,413.0
6814,1435993296589,608.0
6815,1435993296590,608.0
6816,1435993296591,855.0
6817,1435993296592,1096.0
6818,1435993296593,1096.0
6819,1435993296594,1266.0
6820,1435993296595,1266.0
6821,1435993296596,1340.0
6822,1435993296597,1340.0
6823,1435993296598,1321.0
6824,1435993296599,1321.0
6825,1435993296600,1292.0
6826,1435993296601,1292.0
6827,1435993296602,1296.0
6828,1435993296603,1251.0
6829,1435993296604,1251.0
6830,1435993296605,1204.0
6831,1435993296606,1204.0
6832,1435993296607,1141.0
6833,1435993296608,1141.0
6834,1435993296609,1028.0
6835,1435993296610,1028.0
6836,1435993296611,915.0
6837,1435993296612,915.0
6838,1435993296613,784.0
6839,1435993296614,674.0
6840,1435993296615,674.0
6841,1435993296616,661.0
6842,1435993296617,661.0
6843,1435993296618,664.0
6844,1435993296619,664.0
6845,1435993296620,652.0
6846,1435993296621,652.0
6847,1435993296622,637.0
6848,1435993296623,637.0
6849,1435993296624,610.0
6850,1435993296625,575.0
6851,1435993296626,575.0
6852,1435993296627,542.0
6853,1435993296628,542.0
6854,1435993296629,509.0
6855,1435993296630,509.0
6856,1435993296640,470.0
6857,1435993296660,470.0
6858,1435993296681,428.0
6859,1435993296700,428.0
6860,1435993296720,386.0
6861,1435993296741,370.0
6862,1435993296761,370.0
6863,1435993296781,387.0
6864,1435993296802,387.0
6865,1435993296821,432.0
6866,1435993296841,432.0
6867,1435993296866,503.0
6868,1435993296883,503.0
6869,1435993296905,582.0
6870,1435993296924,582.0
6871,1435993296944,660.0
6872,1435993296963,720.0
6873,1435993296988,720.0
6874,1435993297007,787.0
6875,1435993297028,787.0
6876,1435993297046,893.0
6877,1435993297063,893.0
6878,1435993297083,1016.0
6879,1435993297106,1016.0
6880,1435993297124,1166.0
6881,1435993297203,1166.0
6882,1435993297204,1407.0
6883,1435993297205,1608.0
6884,1435993297206,1608.0
6885,1435993297223,1578.0
6886,1435993297246,1578.0
6887,1435993297264,1539.0
6888,1435993297285,1539.0
6889,1435993297302,1506.0
6890,1435993297322,1506.0
6891,1435993297344,1477.0
6892,1435993297363,1477.0
6893,1435993297383,1479.0
6894,1435993297404,1450.0
6895,1435993297426,1450.0
6896,1435993297446,1415.0
6897,1435993297466,1415.0
6898,1435993297486,1402.0
6899,1435993297507,1402.0
6900,1435993297527,1377.0
6901,1435993297545,1377.0
6902,1435993297566,1308.0
6903,1435993297586,1308.0
6904,1435993297606,1210.0
6905,1435993297626,1133.0
6906,1435993297647,1133.0
6907,1435993297665,1042.0
6908,1435993297686,1042.0
6909,1435993297708,949.0
6910,1435993297726,949.0
6911,1435993297746,895.0
6912,1435993297767,895.0
6913,1435993297785,881.0
6914,1435993297864,881.0
6915,1435993297865,895.0
6916,1435993297866,925.0
6917,1435993297867,925.0
6918,1435993297884,940.0
6919,1435993297902,940.0
6920,1435993297923,923.0
6921,1435993297945,923.0
6922,1435993297965,916.0
6923,1435993297984,916.0
6924,1435993298009,904.0
6925,1435993298027,904.0
6926,1435993298044,879.0
6927,1435993298066,879.0
6928,1435993298085,841.0
6929,1435993298107,800.0
6930,1435993298129,800.0
6931,1435993298149,756.0
6932,1435993298167,756.0
6933,1435993298186,715.0
6934,1435993298205,715.0
6935,1435993298226,676.0
6936,1435993298247,676.0
6937,1435993298265,631.0
6938,1435993298286,631.0
6939,1435993298309,591.0
6940,1435993298328,556.0
6941,1435993298350,556.0
6942,1435993298368,521.0
6943,1435993298385,521.0
6944,1435993298405,482.0
6945,1435993298427,482.0
6946,1435993298445,456.0
6947,1435993298508,456.0
6948,1435993298509,443.0
6949,1435993298510,443.0
6950,1435993298525,480.0
6951,1435993298544,591.0
6952,1435993298563,591.0
6953,1435993298584,767.0
6954,1435993298608,767.0
6955,1435993298625,991.0
6956,1435993298645,991.0
6957,1435993298668,1310.0
6958,1435993298687,1310.0
6959,1435993298707,1628.0
6960,1435993298725,1628.0
6961,1435993298747,1712.0
6962,1435993298767,1868.0
6963,1435993298788,1868.0
6964,1435993298807,1854.0
6965,1435993298827,1854.0
6966,1435993298848,1793.0
6967,1435993298865,1793.0
6968,1435993298887,1723.0
6969,1435993298908,1723.0
6970,1435993298927,1757.0
6971,1435993298947,1757.0
6972,1435993298967,1803.0
6973,1435993298988,1994.0
6974,1435993299008,1994.0
6975,1435993299029,2209.0
6976,1435993299047,2209.0
6977,1435993299067,2358.0
6978,1435993299086,2358.0
6979,1435993299105,1076.0
6980,1435993299127,1076.0
6981,1435993299157,923.0
6982,1435993299163,923.0
6983,1435993299188,773.0
6984,1435993299208,1052.0
6985,1435993299229,1052.0
6986,1435993299245,2581.0
6987,1435993299267,2581.0
6988,1435993299286,2144.0
6989,1435993299307,2144.0
6990,1435993299330,1732.0
6991,1435993299348,1732.0
6992,1435993299368,1156.0
6993,1435993299389,1156.0
6994,1435993299408,889.0
6995,1435993299428,741.0
6996,1435993299450,741.0
6997,1435993299468,624.0
6998,1435993299488,624.0
6999,1435993299509,513.0
7000,1435993299528,513.0
7001,1435993299548,415.0
7002,1435993299569,415.0
7003,1435993299588,348.0
7004,1435993299607,348.0
7005,1435993299629,310.0
7006,1435993299647,295.0
7007,1435993299669,295.0
7008,1435993299689,304.0
7009,1435993299706,304.0
7010,1435993299751,320.0
7011,1435993299752,320.0
7012,1435993299774,332.0
7013,1435993299820,332.0
7014,1435993299821,329.0
7015,1435993299825,329.0
7016,1435993299844,339.0
7017,1435993299865,386.0
7018,1435993299885,386.0
7019,1435993299909,504.0
7020,1435993299927,504.0
7021,1435993299953,692.0
7022,1435993299977,692.0
7023,1435993299986,928.0
7024,1435993300004,928.0
7025,1435993300025,1175.0
7026,1435993300045,1175.0
7027,1435993300068,1442.0
7028,1435993300084,1913.0
7029,1435993300105,1913.0
7030,1435993300124,2187.0
7031,1435993300144,2187.0
7032,1435993300168,1947.0
7033,1435993300187,1947.0
7034,1435993300209,1565.0
7035,1435993300230,1565.0
7036,1435993300251,1478.0
7037,1435993300271,1478.0
7038,1435993300291,1465.0
7039,1435993300340,1416.0
7040,1435993300341,1416.0
7041,1435993300347,1383.0
7042,1435993300367,1383.0
7043,1435993300391,1362.0
7044,1435993300412,1362.0
7045,1435993300432,1312.0
7046,1435993300449,1312.0
7047,1435993300471,1208.0
7048,1435993300527,1208.0
7049,1435993300528,1051.0
7050,1435993300529,1051.0
7051,1435993300545,895.0
7052,1435993300566,795.0
7053,1435993300587,795.0
7054,1435993300604,764.0
7055,1435993300624,764.0
7056,1435993300649,761.0
7057,1435993300668,761.0
7058,1435993300687,756.0
7059,1435993300711,756.0
7060,1435993300728,748.0
7061,1435993300750,748.0
7062,1435993300769,725.0
7063,1435993300789,695.0
7064,1435993300809,695.0
7065,1435993300831,655.0
7066,1435993300849,655.0
7067,1435993300869,616.0
7068,1435993300891,616.0
7069,1435993300909,566.0
7070,1435993300928,566.0
7071,1435993300949,497.0
7072,1435993300969,497.0
7073,1435993300989,425.0
7074,1435993301010,364.0
7075,1435993301029,364.0
7076,1435993301048,335.0
7077,1435993301073,335.0
7078,1435993301090,351.0
7079,1435993301137,351.0
7080,1435993301138,370.0
7081,1435993301155,370.0
7082,1435993301166,373.0
7083,1435993301187,373.0
7084,1435993301206,379.0
7085,1435993301229,402.0
7086,1435993301249,402.0
7087,1435993301267,454.0
7088,1435993301288,454.0
7089,1435993301308,571.0
7090,1435993301329,571.0
7091,1435993301350,753.0
7092,1435993301372,753.0
7093,1435993301389,978.0
7094,1435993301410,978.0
7095,1435993301430,1203.0
7096,1435993301450,1417.0
7097,1435993301470,1417.0
7098,1435993301489,1597.0
7099,1435993301509,1597.0
7100,1435993301529,1713.0
7101,1435993301549,1713.0
7102,1435993301574,1758.0
7103,1435993301588,1758.0
7104,1435993301610,1747.0
7105,1435993301627,1747.0
7106,1435993301670,1705.0
7107,1435993301671,1720.0
7108,1435993301689,1720.0
7109,1435993301710,1706.0
7110,1435993301728,1706.0
7111,1435993301751,1591.0
7112,1435993301798,1591.0
7113,1435993301799,1538.0
7114,1435993301815,1538.0
7115,1435993301835,1487.0
7116,1435993301848,1487.0
7117,1435993301869,1417.0
7118,1435993301888,1305.0
7119,1435993301908,1305.0
7120,1435993301928,1202.0
7121,1435993301950,1202.0
7122,1435993301969,1068.0
7123,1435993301990,1068.0
7124,1435993302010,911.0
7125,1435993302031,911.0
7126,1435993302050,837.0
7127,1435993302070,837.0
7128,1435993302090,787.0
7129,1435993302107,762.0
7130,1435993302127,762.0
7131,1435993302152,731.0
7132,1435993302168,731.0
7133,1435993302192,692.0
7134,1435993302210,692.0
7135,1435993302230,658.0
7136,1435993302247,658.0
7137,1435993302275,625.0
7138,1435993302288,625.0
7139,1435993302310,590.0
7140,1435993302330,551.0
7141,1435993302349,551.0
7142,1435993302370,520.0
7143,1435993302392,520.0
7144,1435993302410,486.0
7145,1435993302473,486.0
7146,1435993302474,460.0
7147,1435993302475,460.0
7148,1435993302492,437.0
7149,1435993302508,437.0
7150,1435993302529,389.0
7151,1435993302549,359.0
7152,1435993302568,359.0
7153,1435993302587,344.0
7154,1435993302607,344.0
7155,1435993302628,346.0
7156,1435993302648,346.0
7157,1435993302669,368.0
7158,1435993302690,368.0
7159,1435993302711,422.0
7160,1435993302729,422.0
7161,1435993302752,550.0
7162,1435993302771,550.0
7163,1435993302790,748.0
7164,1435993302811,978.0
7165,1435993302831,978.0
7166,1435993302849,1148.0
7167,1435993302869,1148.0
7168,1435993302890,1153.0
7169,1435993302909,1153.0
7170,1435993302935,1092.0
7171,1435993302950,1092.0
7172,1435993302971,990.0
7173,1435993302989,990.0
7174,1435993303009,919.0
7175,1435993303030,892.0
7176,1435993303052,892.0
7177,1435993303121,849.0
7178,1435993303122,849.0
7179,1435993303123,853.0
7180,1435993303133,853.0
7181,1435993303147,997.0
7182,1435993303168,997.0
7183,1435993303187,761.0
7184,1435993303207,761.0
7185,1435993303232,723.0
7186,1435993303250,709.0
7187,1435993303270,709.0
7188,1435993303294,681.0
7189,1435993303311,681.0
7190,1435993303330,633.0
7191,1435993303354,633.0
7192,1435993303372,640.0
7193,1435993303392,640.0
7194,1435993303412,696.0
7195,1435993303430,696.0
7196,1435993303452,661.0
7197,1435993303477,659.0
7198,1435993303505,659.0
7199,1435993303509,653.0
7200,1435993303528,653.0
7201,1435993303548,631.0
7202,1435993303568,631.0
7203,1435993303590,612.0
7204,1435993303608,612.0
7205,1435993303629,592.0
7206,1435993303650,592.0
7207,1435993303670,565.0
7208,1435993303697,496.0
7209,1435993303737,496.0
7210,1435993303738,449.0
7211,1435993303748,449.0
7212,1435993303770,411.0
7213,1435993303789,411.0
7214,1435993303811,401.0
7215,1435993303832,401.0
7216,1435993303849,423.0
7217,1435993303872,423.0
7218,1435993303892,486.0
7219,1435993303912,609.0
7220,1435993303929,609.0
7221,1435993303953,803.0
7222,1435993303972,803.0
7223,1435993303990,1056.0
7224,1435993304013,1056.0
7225,1435993304029,1491.0
7226,1435993304050,1491.0
7227,1435993304079,2639.0
7228,1435993304089,2639.0
7229,1435993304109,3079.0
7230,1435993304130,2309.0
7231,1435993304149,2309.0
7232,1435993304170,2191.0
7233,1435993304201,2191.0
7234,1435993304247,2103.0
7235,1435993304248,2103.0
7236,1435993304249,1954.0
7237,1435993304270,1954.0
7238,1435993304290,1868.0
7239,1435993304311,1868.0
7240,1435993304342,1855.0
7241,1435993304380,1984.0
7242,1435993304381,1984.0
7243,1435993304388,2218.0
7244,1435993304411,2218.0
7245,1435993304429,2401.0
7246,1435993304453,2401.0
7247,1435993304471,1621.0
7248,1435993304492,1621.0
7249,1435993304512,1220.0
7250,1435993304530,1220.0
7251,1435993304560,1010.0
7252,1435993304578,1367.0
7253,1435993304590,1367.0
7254,1435993304612,1533.0
7255,1435993304630,1533.0
7256,1435993304650,1455.0
7257,1435993304674,1455.0
7258,1435993304692,1324.0
7259,1435993304717,1324.0
7260,1435993304734,1217.0
7261,1435993304752,1217.0
7262,1435993304774,1097.0
7263,1435993304794,927.0
7264,1435993304813,927.0
7265,1435993304831,795.0
7266,1435993304853,795.0
7267,1435993304874,713.0
7268,1435993304894,713.0
7269,1435993304914,712.0
7270,1435993304932,712.0
7271,1435993304951,795.0
7272,1435993304980,795.0
7273,1435993305032,961.0
7274,1435993305033,1156.0
7275,1435993305034,1156.0
7276,1435993305049,1253.0
7277,1435993305069,1253.0
7278,1435993305090,1257.0
7279,1435993305109,1257.0
7280,1435993305130,1227.0
7281,1435993305150,1227.0
7282,1435993305176,1430.0
7283,1435993305193,1430.0
7284,1435993305214,2292.0
7285,1435993305238,2292.0
7286,1435993305255,17169.0
7287,1435993305275,34818.0
7288,1435993305294,34818.0
7289,1435993305342,42093.0
7290,1435993305343,42093.0
7291,1435993305380,41983.0
7292,1435993305381,41983.0
7293,1435993305391,39853.0
7294,1435993305410,39853.0
7295,1435993305429,0.0
7296,1435993305450,45922.0
7297,1435993305469,45922.0
7298,1435993305489,41648.0
7299,1435993305510,41648.0
7300,1435993305530,41547.0
7301,1435993305551,41547.0
7302,1435993305574,2097.0
7303,1435993305603,2097.0
7304,1435993305611,1326.0
7305,1435993305631,1326.0
7306,1435993305649,1211.0
7307,1435993305669,13013.0
7308,1435993305690,13013.0
7309,1435993305709,20192.0
7310,1435993305729,20192.0
7311,1435993305751,14410.0
7312,1435993305770,14410.0
7313,1435993305795,6389.0
7314,1435993305816,6389.0
7315,1435993305831,2373.0
7316,1435993305854,2373.0
7317,1435993305876,1772.0
7318,1435993305894,1383.0
7319,1435993305914,1383.0
7320,1435993305935,1150.0
7321,1435993305954,1150.0
7322,1435993305975,984.0
7323,1435993305992,984.0
7324,1435993306012,867.0
7325,1435993306031,867.0
7326,1435993306055,818.0
7327,1435993306075,818.0
7328,1435993306094,874.0
7329,1435993306115,938.0
7330,1435993306133,938.0
7331,1435993306153,914.0
7332,1435993306173,914.0
7333,1435993306194,844.0
7334,1435993306212,844.0
7335,1435993306276,835.0
7336,1435993306277,835.0
7337,1435993306278,914.0
7338,1435993306291,914.0
7339,1435993306314,1147.0
7340,1435993306336,1622.0
7341,1435993306353,1622.0
7342,1435993306376,6197.0
7343,1435993306391,6197.0
7344,1435993306415,24137.0
7345,1435993306435,24137.0
7346,1435993306455,5389.0
7347,1435993306474,5389.0
7348,1435993306494,1670.0
7349,1435993306514,1670.0
7350,1435993306538,1592.0
7351,1435993306555,1496.0
7352,1435993306574,1496.0
7353,1435993306595,1442.0
7354,1435993306614,1442.0
7355,1435993306635,1419.0
7356,1435993306655,1419.0
7357,1435993306674,1392.0
7358,1435993306695,1392.0
7359,1435993306716,1329.0
7360,1435993306735,1329.0
7361,1435993306756,1290.0
7362,1435993306776,1224.0
7363,1435993306795,1224.0
7364,1435993306813,1190.0
7365,1435993306837,1190.0
7366,1435993306855,1181.0
7367,1435993306885,1181.0
7368,1435993306938,1203.0
7369,1435993306939,1203.0
7370,1435993306949,1228.0
7371,1435993306956,1228.0
7372,1435993306971,1261.0
7373,1435993306991,1273.0
7374,1435993307014,1273.0
7375,1435993307035,1250.0
7376,1435993307051,1250.0
7377,1435993307074,1215.0
7378,1435993307093,1215.0
7379,1435993307114,1169.0
7380,1435993307136,1169.0
7381,1435993307152,1128.0
7382,1435993307172,1128.0
7383,1435993307193,1131.0
7384,1435993307215,1277.0
7385,1435993307235,1277.0
7386,1435993307256,1469.0
7387,1435993307277,1469.0
7388,1435993307293,1499.0
7389,1435993307316,1499.0
7390,1435993307336,1462.0
7391,1435993307355,1462.0
7392,1435993307376,1414.0
7393,1435993307395,1414.0
7394,1435993307415,1359.0
7395,1435993307436,1443.0
7396,1435993307455,1443.0
7397,1435993307476,1645.0
7398,1435993307496,1645.0
7399,1435993307516,2218.0
7400,1435993307536,2218.0
7401,1435993307555,11210.0
7402,1435993307598,11210.0
7403,1435993307599,23303.0
7404,1435993307612,23303.0
7405,1435993307632,21118.0
7406,1435993307653,21118.0
7407,1435993307675,13093.0
7408,1435993307696,22018.0
7409,1435993307715,22018.0
7410,1435993307735,0.0
7411,1435993307754,5810.0
7412,1435993307776,5810.0
7413,1435993307797,1314.0
7414,1435993307813,1314.0
7415,1435993307836,1184.0
7416,1435993307857,1184.0
7417,1435993307876,1140.0
7418,1435993307896,1140.0
7419,1435993307917,2717.0
7420,1435993307936,2717.0
7421,1435993307955,3409.0
7422,1435993307979,2681.0
7423,1435993307996,2681.0
7424,1435993308014,2266.0
7425,1435993308037,2266.0
7426,1435993308056,1951.0
7427,1435993308080,1951.0
7428,1435993308099,1654.0
7429,1435993308118,1654.0
7430,1435993308136,1481.0
7431,1435993308158,1481.0
7432,1435993308175,1345.0
7433,1435993308195,1221.0
7434,1435993308215,1221.0
7435,1435993308279,1115.0
7436,1435993308280,1115.0
7437,1435993308281,1044.0
7438,1435993308314,1044.0
7439,1435993308315,977.0
7440,1435993308338,977.0
7441,1435993308353,936.0
7442,1435993308378,936.0
7443,1435993308393,841.0
7444,1435993308417,685.0
7445,1435993308437,685.0
7446,1435993308458,671.0
7447,1435993308477,671.0
7448,1435993308495,730.0
7449,1435993308517,730.0
7450,1435993308537,700.0
7451,1435993308556,700.0
7452,1435993308577,711.0
7453,1435993308596,711.0
7454,1435993308615,864.0
7455,1435993308637,1131.0
7456,1435993308657,1131.0
7457,1435993308676,2004.0
7458,1435993308696,2004.0
7459,1435993308730,7317.0
7460,1435993308734,7317.0
7461,1435993308754,10928.0
7462,1435993308775,10928.0
7463,1435993308795,8682.0
7464,1435993308817,8682.0
7465,1435993308836,2758.0
7466,1435993308854,1691.0
7467,1435993308876,1691.0
7468,1435993308941,2148.0
7469,1435993308942,2148.0
7470,1435993308943,1182.0
7471,1435993308954,1182.0
7472,1435993308973,700.0
7473,1435993308996,700.0
7474,1435993309014,610.0
7475,1435993309035,610.0
7476,1435993309056,872.0
7477,1435993309077,2207.0
7478,1435993309097,2207.0
7479,1435993309117,2000.0
7480,1435993309137,2000.0
7481,1435993309155,1864.0
7482,1435993309179,1864.0
7483,1435993309197,1539.0
7484,1435993309217,1539.0
7485,1435993309240,1121.0
7486,1435993309257,1121.0
7487,1435993309276,811.0
7488,1435993309299,649.0
7489,1435993309317,649.0
7490,1435993309338,567.0
7491,1435993309355,567.0
7492,1435993309375,517.0
7493,1435993309393,517.0
7494,1435993309417,468.0
7495,1435993309440,468.0
7496,1435993309456,422.0
7497,1435993309477,422.0
7498,1435993309496,382.0
7499,1435993309517,346.0
7500,1435993309538,346.0
7501,1435993309599,312.0
7502,1435993309600,312.0
7503,1435993309601,287.0
7504,1435993309613,287.0
7505,1435993309633,286.0
7506,1435993309656,286.0
7507,1435993309676,317.0
7508,1435993309695,317.0
7509,1435993309717,403.0
7510,1435993309734,516.0
7511,1435993309758,516.0
7512,1435993309777,700.0
7513,1435993309798,700.0
7514,1435993309816,950.0
7515,1435993309839,950.0
7516,1435993309858,1110.0
7517,1435993309878,1110.0
7518,1435993309898,1185.0
7519,1435993309918,1185.0
7520,1435993309938,1131.0
7521,1435993309957,1086.0
7522,1435993309977,1086.0
7523,1435993309998,1071.0
7524,1435993310016,1071.0
7525,1435993310035,1029.0
7526,1435993310055,1029.0
7527,1435993310081,940.0
7528,1435993310101,940.0
7529,1435993310121,646.0
7530,1435993310139,646.0
7531,1435993310155,524.0
7532,1435993310178,524.0
7533,1435993310199,438.0
7534,1435993310218,468.0
7535,1435993310239,468.0
7536,1435993310280,650.0
7537,1435993310281,650.0
7538,1435993310295,579.0
7539,1435993310339,579.0
7540,1435993310340,504.0
7541,1435993310358,504.0
7542,1435993310378,465.0
7543,1435993310395,465.0
7544,1435993310415,430.0
7545,1435993310442,393.0
7546,1435993310460,393.0
7547,1435993310480,358.0
7548,1435993310497,358.0
7549,1435993310519,324.0
7550,1435993310538,324.0
7551,1435993310560,290.0
7552,1435993310579,290.0
7553,1435993310599,263.0
7554,1435993310619,263.0
7555,1435993310638,238.0
7556,1435993310658,231.0
7557,1435993310680,231.0
7558,1435993310696,231.0
7559,1435993310752,231.0
7560,1435993310753,230.0
7561,1435993310755,230.0
7562,1435993310776,235.0
7563,1435993310795,235.0
7564,1435993310814,251.0
7565,1435993310834,251.0
7566,1435993310855,298.0
7567,1435993310875,400.0
7568,1435993310917,400.0
7569,1435993310918,508.0
7570,1435993310935,508.0
7571,1435993310956,660.0
7572,1435993310978,660.0
7573,1435993310996,828.0
7574,1435993311017,828.0
7575,1435993311038,925.0
7576,1435993311059,925.0
7577,1435993311079,1032.0
7578,1435993311100,1452.0
7579,1435993311119,1452.0
7580,1435993311138,1630.0
7581,1435993311160,1630.0
7582,1435993311178,1683.0
7583,1435993311199,1683.0
7584,1435993311220,1730.0
7585,1435993311241,1730.0
7586,1435993311257,1270.0
7587,1435993311280,1270.0
7588,1435993311299,523.0
7589,1435993311319,424.0
7590,1435993311346,424.0
7591,1435993311358,403.0
7592,1435993311376,403.0
7593,1435993311399,473.0
7594,1435993311416,473.0
7595,1435993311437,462.0
7596,1435993311460,462.0
7597,1435993311480,429.0
7598,1435993311498,429.0
7599,1435993311579,397.0
7600,1435993311580,358.0
7601,1435993311581,358.0
7602,1435993311582,320.0
7603,1435993311598,320.0
7604,1435993311615,284.0
7605,1435993311638,284.0
7606,1435993311660,251.0
7607,1435993311677,251.0
7608,1435993311699,227.0
7609,1435993311718,227.0
7610,1435993311740,209.0
7611,1435993311758,201.0
7612,1435993311780,201.0
7613,1435993311798,203.0
7614,1435993311820,203.0
7615,1435993311838,208.0
7616,1435993311860,208.0
7617,1435993311878,217.0
7618,1435993311897,217.0
7619,1435993311920,240.0
7620,1435993311938,240.0
7621,1435993311957,293.0
7622,1435993311982,372.0
7623,1435993312002,372.0
7624,1435993312020,460.0
7625,1435993312037,460.0
7626,1435993312059,590.0
7627,1435993312077,590.0
7628,1435993312157,747.0
7629,1435993312158,747.0
7630,1435993312159,840.0
7631,1435993312160,840.0
7632,1435993312176,832.0
7633,1435993312196,775.0
7634,1435993312216,775.0
7635,1435993312236,773.0
7636,1435993312258,773.0
7637,1435993312276,904.0
7638,1435993312297,904.0
7639,1435993312316,1303.0
7640,1435993312337,1303.0
7641,1435993312359,1159.0
7642,1435993312377,1159.0
7643,1435993312397,661.0
7644,1435993312418,439.0
7645,1435993312437,439.0
7646,1435993312459,351.0
7647,1435993312482,351.0
7648,1435993312498,376.0
7649,1435993312519,376.0
7650,1435993312542,435.0
7651,1435993312560,435.0
7652,1435993312578,421.0
7653,1435993312602,421.0
7654,1435993312619,391.0
7655,1435993312641,391.0
7656,1435993312663,362.0
7657,1435993312681,326.0
7658,1435993312701,326.0
7659,1435993312723,291.0
7660,1435993312740,291.0
7661,1435993312766,257.0
7662,1435993312826,257.0
7663,1435993312827,226.0
7664,1435993312828,226.0
7665,1435993312837,205.0
7666,1435993312856,205.0
7667,1435993312876,198.0
7668,1435993312897,196.0
7669,1435993312916,196.0
7670,1435993312936,194.0
7671,1435993312960,194.0
7672,1435993312981,193.0
7673,1435993313002,193.0
7674,1435993313020,193.0
7675,1435993313039,193.0
7676,1435993313060,202.0
7677,1435993313081,202.0
7678,1435993313099,230.0
7679,1435993313121,289.0
7680,1435993313141,289.0
7681,1435993313160,391.0
7682,1435993313181,391.0
7683,1435993313202,528.0
7684,1435993313221,528.0
7685,1435993313239,675.0
7686,1435993313262,675.0
7687,1435993313282,879.0
7688,1435993313302,879.0
7689,1435993313322,924.0
7690,1435993313340,925.0
7691,1435993313366,925.0
7692,1435993313380,820.0
7693,1435993313405,820.0
7694,1435993313449,785.0
7695,1435993313450,785.0
7696,1435993313461,770.0
7697,1435993313480,770.0
7698,1435993313498,724.0
7699,1435993313518,724.0
7700,1435993313540,542.0
7701,1435993313560,407.0
7702,1435993313580,407.0
7703,1435993313602,337.0
7704,1435993313620,337.0
7705,1435993313641,399.0
7706,1435993313660,399.0
7707,1435993313680,434.0
7708,1435993313702,434.0
7709,1435993313719,405.0
7710,1435993313746,405.0
7711,1435993313764,370.0
7712,1435993313781,334.0
7713,1435993313803,334.0
7714,1435993313843,295.0
7715,1435993313844,295.0
7716,1435993313859,262.0
7717,1435993313877,262.0
7718,1435993313897,232.0
7719,1435993313920,232.0
7720,1435993313939,208.0
7721,1435993313958,208.0
7722,1435993313978,194.0
7723,1435993313999,194.0
7724,1435993314020,194.0
7725,1435993314041,203.0
7726,1435993314101,203.0
7727,1435993314102,220.0
7728,1435993314103,220.0
7729,1435993314121,246.0
7730,1435993314138,246.0
7731,1435993314158,277.0
7732,1435993314178,277.0
7733,1435993314198,309.0
7734,1435993314218,352.0
7735,1435993314238,352.0
7736,1435993314260,423.0
7737,1435993314283,423.0
7738,1435993314301,532.0
7739,1435993314320,532.0
7740,1435993314343,687.0
7741,1435993314368,687.0
7742,1435993314382,812.0
7743,1435993314400,812.0
7744,1435993314419,932.0
7745,1435993314441,1347.0
7746,1435993314486,1347.0
7747,1435993314487,1429.0
7748,1435993314501,1429.0
7749,1435993314523,1598.0
7750,1435993314542,1598.0
7751,1435993314562,2025.0
7752,1435993314583,2025.0
7753,1435993314603,2285.0
7754,1435993314624,2285.0
7755,1435993314643,1794.0
7756,1435993314662,2784.0
7757,1435993314681,483.0
7758,1435993314704,374.0
7759,1435993314734,374.0
7760,1435993314780,377.0
7761,1435993314781,377.0
7762,1435993314782,540.0
7763,1435993314798,540.0
7764,1435993314825,518.0
7765,1435993314839,518.0
7766,1435993314861,458.0
7767,1435993314881,413.0
7768,1435993314899,413.0
7769,1435993314919,376.0
7770,1435993314942,376.0
7771,1435993314961,337.0
7772,1435993314981,337.0
7773,1435993315004,305.0
7774,1435993315023,305.0
7775,1435993315042,277.0
7776,1435993315063,277.0
7777,1435993315081,251.0
7778,1435993315102,251.0
7779,1435993315128,234.0
7780,1435993315142,224.0
7781,1435993315163,224.0
7782,1435993315184,215.0
7783,1435993315204,215.0
7784,1435993315222,212.0
7785,1435993315251,212.0
7786,1435993315267,219.0
7787,1435993315286,219.0
7788,1435993315303,232.0
7789,1435993315324,232.0
7790,1435993315344,254.0
7791,1435993315367,292.0
7792,1435993315431,292.0
7793,1435993315432,356.0
7794,1435993315433,356.0
7795,1435993315439,463.0
7796,1435993315459,463.0
7797,1435993315481,617.0
7798,1435993315501,617.0
7799,1435993315520,791.0
7800,1435993315541,791.0
7801,1435993315563,862.0
7802,1435993315584,787.0
7803,1435993315604,787.0
7804,1435993315623,755.0
7805,1435993315641,755.0
7806,1435993315664,697.0
7807,1435993315684,697.0
7808,1435993315704,687.0
7809,1435993315724,687.0
7810,1435993315746,661.0
7811,1435993315761,661.0
7812,1435993315784,575.0
7813,1435993315802,437.0
7814,1435993315821,437.0
7815,1435993315844,363.0
7816,1435993315865,363.0
7817,1435993315887,319.0
7818,1435993315930,319.0
7819,1435993315931,368.0
7820,1435993315969,368.0
7821,1435993315970,381.0
7822,1435993315980,381.0
7823,1435993316005,356.0
7824,1435993316022,327.0
7825,1435993316039,327.0
7826,1435993316059,300.0
7827,1435993316080,300.0
7828,1435993316099,282.0
7829,1435993316119,282.0
7830,1435993316140,263.0
7831,1435993316159,263.0
7832,1435993316179,241.0
7833,1435993316200,241.0
7834,1435993316219,223.0
7835,1435993316239,207.0
7836,1435993316260,207.0
7837,1435993316279,198.0
7838,1435993316300,198.0
7839,1435993316324,201.0
7840,1435993316341,201.0
7841,1435993316366,217.0
7842,1435993316381,217.0
7843,1435993316401,245.0
7844,1435993316421,245.0
7845,1435993316442,285.0
7846,1435993316461,330.0
7847,1435993316484,330.0
7848,1435993316504,606.0
7849,1435993316527,606.0
7850,1435993316548,1478.0
7851,1435993316568,1478.0
7852,1435993316584,705.0
7853,1435993316605,705.0
7854,1435993316645,839.0
7855,1435993316646,839.0
7856,1435993316660,676.0
7857,1435993316681,639.0
7858,1435993316700,639.0
7859,1435993316720,523.0
7860,1435993316745,523.0
7861,1435993316762,1097.0
7862,1435993316782,1097.0
7863,1435993316805,7906.0
7864,1435993316824,7906.0
7865,1435993316847,6352.0
7866,1435993316866,6352.0
7867,1435993316882,4010.0
7868,1435993316902,574.0
7869,1435993316922,574.0
7870,1435993316942,313.0
7871,1435993316962,313.0
7872,1435993316986,523.0
7873,1435993317003,523.0
7874,1435993317025,715.0
7875,1435993317046,715.0
7876,1435993317065,503.0
7877,1435993317086,503.0
7878,1435993317106,346.0
7879,1435993317125,298.0
7880,1435993317145,298.0
7881,1435993317167,280.0
7882,1435993317186,280.0
7883,1435993317210,267.0
7884,1435993317228,267.0
7885,1435993317252,251.0
7886,1435993317306,251.0
7887,1435993317307,234.0
7888,1435993317308,234.0
7889,1435993317321,215.0
7890,1435993317342,204.0
7891,1435993317362,204.0
7892,1435993317381,197.0
7893,1435993317402,197.0
7894,1435993317421,195.0
7895,1435993317441,195.0
7896,1435993317462,211.0
7897,1435993317484,211.0
7898,1435993317502,235.0
7899,1435993317526,235.0
7900,1435993317545,256.0
7901,1435993317565,256.0
7902,1435993317586,282.0
7903,1435993317605,334.0
7904,1435993317625,334.0
7905,1435993317646,594.0
7906,1435993317665,594.0
7907,1435993317685,933.0
7908,1435993317706,933.0
7909,1435993317725,700.0
7910,1435993317746,700.0
7911,1435993317765,621.0
7912,1435993317786,621.0
7913,1435993317806,646.0
7914,1435993317825,662.0
7915,1435993317845,662.0
7916,1435993317864,680.0
7917,1435993317897,680.0
7918,1435993317927,791.0
7919,1435993317928,791.0
7920,1435993317942,756.0
7921,1435993317961,756.0
7922,1435993317981,454.0
7923,1435993318007,454.0
7924,1435993318024,340.0
7925,1435993318044,306.0
7926,1435993318067,306.0
7927,1435993318086,458.0
7928,1435993318106,458.0
7929,1435993318128,433.0
7930,1435993318145,433.0
7931,1435993318166,353.0
7932,1435993318187,353.0
7933,1435993318205,324.0
7934,1435993318225,324.0
7935,1435993318269,299.0
7936,1435993318270,279.0
7937,1435993318285,279.0
7938,1435993318307,264.0
7939,1435993318323,264.0
7940,1435993318344,249.0
7941,1435993318374,249.0
7942,1435993318390,236.0
7943,1435993318403,236.0
7944,1435993318424,225.0
7945,1435993318443,225.0
7946,1435993318464,214.0
7947,1435993318485,204.0
7948,1435993318506,204.0
7949,1435993318524,192.0
7950,1435993318574,192.0
7951,1435993318575,187.0
7952,1435993318582,187.0
7953,1435993318604,192.0
7954,1435993318622,192.0
7955,1435993318644,207.0
7956,1435993318666,207.0
7957,1435993318685,236.0
7958,1435993318704,279.0
7959,1435993318726,279.0
7960,1435993318747,335.0
7961,1435993318767,335.0
7962,1435993318785,441.0
7963,1435993318806,441.0
7964,1435993318826,568.0
7965,1435993318847,568.0
7966,1435993318872,592.0
7967,1435993318886,592.0
7968,1435993318904,556.0
7969,1435993318929,675.0
7970,1435993318944,675.0
7971,1435993318967,660.0
7972,1435993318988,660.0
7973,1435993319009,485.0
7974,1435993319027,485.0
7975,1435993319045,476.0
7976,1435993319065,476.0
7977,1435993319093,414.0
7978,1435993319103,414.0
7979,1435993319123,324.0
7980,1435993319145,277.0
7981,1435993319167,277.0
7982,1435993319186,342.0
7983,1435993319209,342.0
7984,1435993319222,340.0
7985,1435993319243,340.0
7986,1435993319265,302.0
7987,1435993319282,302.0
7988,1435993319302,272.0
7989,1435993319325,272.0
7990,1435993319342,259.0
7991,1435993319363,245.0
7992,1435993319385,245.0
7993,1435993319403,230.0
7994,1435993319424,230.0
7995,1435993319444,213.0
7996,1435993319465,213.0
7997,1435993319487,196.0
7998,1435993319506,196.0
7999,1435993319535,180.0
8000,1435993319542,180.0
8001,1435993319565,165.0
8002,1435993319588,158.0
8003,1435993319604,158.0
8004,1435993319626,157.0
8005,1435993319646,157.0
8006,1435993319667,164.0
8007,1435993319688,164.0
8008,1435993319707,175.0
8009,1435993319727,175.0
8010,1435993319748,190.0
8011,1435993319767,190.0
8012,1435993319794,219.0
8013,1435993319839,263.0
8014,1435993319840,263.0
8015,1435993319844,306.0
8016,1435993319864,306.0
8017,1435993319883,381.0
8018,1435993319903,381.0
8019,1435993319924,483.0
8020,1435993319944,483.0
8021,1435993319964,548.0
8022,1435993319989,548.0
8023,1435993320038,639.0
8024,1435993320039,639.0
8025,1435993320055,670.0
8026,1435993320063,558.0
8027,1435993320084,558.0
8028,1435993320108,453.0
8029,1435993320123,453.0
8030,1435993320143,432.0
8031,1435993320170,432.0
8032,1435993320183,406.0
8033,1435993320203,406.0
8034,1435993320224,333.0
8035,1435993320244,333.0
8036,1435993320264,286.0
8037,1435993320286,305.0
8038,1435993320304,305.0
8039,1435993320339,538.0
8040,1435993320345,538.0
8041,1435993320366,399.0
8042,1435993320385,399.0
8043,1435993320408,311.0
8044,1435993320425,311.0
8045,1435993320444,274.0
8046,1435993320466,274.0
8047,1435993320486,246.0
8048,1435993320504,226.0
8049,1435993320527,226.0
8050,1435993320546,211.0
8051,1435993320565,211.0
8052,1435993320587,194.0
8053,1435993320607,194.0
8054,1435993320629,178.0
8055,1435993320649,178.0
8056,1435993320668,162.0
8057,1435993320688,162.0
8058,1435993320709,153.0
8059,1435993320728,149.0
8060,1435993320748,149.0
8061,1435993320769,155.0
8062,1435993320791,155.0
8063,1435993320808,165.0
8064,1435993320829,165.0
8065,1435993320846,182.0
8066,1435993320870,182.0
8067,1435993320886,216.0
8068,1435993320906,216.0
8069,1435993320925,263.0
8070,1435993320947,309.0
8071,1435993320966,309.0
8072,1435993320986,375.0
8073,1435993321006,375.0
8074,1435993321026,458.0
8075,1435993321048,458.0
8076,1435993321111,521.0
8077,1435993321112,521.0
8078,1435993321113,484.0
8079,1435993321125,484.0
8080,1435993321145,459.0
8081,1435993321167,423.0
8082,1435993321188,423.0
8083,1435993321206,408.0
8084,1435993321227,408.0
8085,1435993321249,388.0
8086,1435993321268,388.0
8087,1435993321286,348.0
8088,1435993321310,348.0
8089,1435993321328,307.0
8090,1435993321349,307.0
8091,1435993321370,278.0
8092,1435993321386,431.0
8093,1435993321406,431.0
8094,1435993321428,281.0
8095,1435993321446,281.0
8096,1435993321466,276.0
8097,1435993321489,276.0
8098,1435993321506,261.0
8099,1435993321527,261.0
8100,1435993321550,249.0
8101,1435993321569,249.0
8102,1435993321589,235.0
8103,1435993321609,218.0
8104,1435993321628,218.0
8105,1435993321649,200.0
8106,1435993321668,200.0
8107,1435993321687,186.0
8108,1435993321711,186.0
8109,1435993321750,170.0
8110,1435993321751,170.0
8111,1435993321765,158.0
8112,1435993321785,158.0
8113,1435993321806,154.0
8114,1435993321827,158.0
8115,1435993321850,158.0
8116,1435993321868,169.0
8117,1435993321887,169.0
8118,1435993321908,185.0
8119,1435993321926,185.0
8120,1435993321946,210.0
8121,1435993321967,210.0
8122,1435993321990,247.0
8123,1435993322010,247.0
8124,1435993322030,285.0
8125,1435993322050,337.0
8126,1435993322070,337.0
8127,1435993322090,440.0
8128,1435993322108,440.0
8129,1435993322130,490.0
8130,1435993322148,490.0
8131,1435993322167,470.0
8132,1435993322190,470.0
8133,1435993322214,456.0
8134,1435993322231,456.0
8135,1435993322255,441.0
8136,1435993322269,410.0
8137,1435993322290,410.0
8138,1435993322308,393.0
8139,1435993322328,393.0
8140,1435993322350,378.0
8141,1435993322409,378.0
8142,1435993322410,336.0
8143,1435993322411,336.0
8144,1435993322425,294.0
8145,1435993322447,294.0
8146,1435993322465,259.0
8147,1435993322485,259.0
8148,1435993322507,275.0
8149,1435993322528,283.0
8150,1435993322551,283.0
8151,1435993322575,273.0
8152,1435993322589,273.0
8153,1435993322609,260.0
8154,1435993322632,260.0
8155,1435993322649,243.0
8156,1435993322670,243.0
8157,1435993322691,228.0
8158,1435993322709,228.0
8159,1435993322730,211.0
8160,1435993322751,191.0
8161,1435993322770,191.0
8162,1435993322790,174.0
8163,1435993322809,174.0
8164,1435993322830,158.0
8165,1435993322859,158.0
8166,1435993322875,147.0
8167,1435993322888,147.0
8168,1435993322907,142.0
8169,1435993322928,142.0
8170,1435993322948,146.0
8171,1435993322975,152.0
8172,1435993323019,152.0
8173,1435993323020,163.0
8174,1435993323026,163.0
8175,1435993323048,188.0
8176,1435993323068,188.0
8177,1435993323088,235.0
8178,1435993323110,235.0
8179,1435993323128,280.0
8180,1435993323148,280.0
8181,1435993323172,322.0
8182,1435993323190,393.0
8183,1435993323210,393.0
8184,1435993323229,456.0
8185,1435993323252,456.0
8186,1435993323268,448.0
8187,1435993323290,448.0
8188,1435993323310,434.0
8189,1435993323331,434.0
8190,1435993323372,418.0
8191,1435993323373,418.0
8192,1435993323390,394.0
8193,1435993323412,385.0
8194,1435993323431,385.0
8195,1435993323450,366.0
8196,1435993323469,366.0
8197,1435993323491,317.0
8198,1435993323508,317.0
8199,1435993323533,280.0
8200,1435993323554,280.0
8201,1435993323573,257.0
8202,1435993323594,257.0
8203,1435993323611,274.0
8204,1435993323633,281.0
8205,1435993323676,281.0
8206,1435993323677,267.0
8207,1435993323692,267.0
8208,1435993323710,249.0
8209,1435993323728,249.0
8210,1435993323750,233.0
8211,1435993323771,233.0
8212,1435993323791,218.0
8213,1435993323808,218.0
8214,1435993323833,201.0
8215,1435993323848,180.0
8216,1435993323872,180.0
8217,1435993323889,161.0
8218,1435993323908,161.0
8219,1435993323928,145.0
8220,1435993323950,145.0
8221,1435993323970,132.0
8222,1435993323991,132.0
8223,1435993324012,129.0
8224,1435993324035,129.0
8225,1435993324052,131.0
8226,1435993324072,138.0
8227,1435993324089,138.0
8228,1435993324111,149.0
8229,1435993324132,149.0
8230,1435993324150,172.0
8231,1435993324171,172.0
8232,1435993324305,217.0
8233,1435993324306,217.0
8234,1435993324307,268.0
8235,1435993324308,268.0
8236,1435993324309,311.0
8237,1435993324310,362.0
8238,1435993324316,362.0
8239,1435993324327,420.0
8240,1435993324350,420.0
8241,1435993324369,425.0
8242,1435993324387,425.0
8243,1435993324408,394.0
8244,1435993324428,394.0
8245,1435993324447,391.0
8246,1435993324467,391.0
8247,1435993324488,375.0
8248,1435993324507,352.0
8249,1435993324527,352.0
8250,1435993324548,342.0
8251,1435993324567,342.0
8252,1435993324587,319.0
8253,1435993324612,319.0
8254,1435993324630,294.0
8255,1435993324648,294.0
8256,1435993324675,266.0
8257,1435993324691,266.0
8258,1435993324709,260.0
8259,1435993324733,260.0
8260,1435993324750,270.0
8261,1435993324770,260.0
8262,1435993324798,260.0
8263,1435993324810,242.0
8264,1435993324831,242.0
8265,1435993324882,226.0
8266,1435993324883,226.0
8267,1435993324889,209.0
8268,1435993324923,209.0
8269,1435993324928,193.0
8270,1435993324948,193.0
8271,1435993324969,175.0
8272,1435993324989,159.0
8273,1435993325010,159.0
8274,1435993325029,145.0
8275,1435993325053,145.0
8276,1435993325074,129.0
8277,1435993325093,129.0
8278,1435993325112,122.0
8279,1435993325133,122.0
8280,1435993325153,121.0
8281,1435993325173,121.0
8282,1435993325197,128.0
8283,1435993325213,138.0
8284,1435993325233,138.0
8285,1435993325263,156.0
8286,1435993325275,156.0
8287,1435993325292,195.0
8288,1435993325319,195.0
8289,1435993325339,248.0
8290,1435993325362,248.0
8291,1435993325369,296.0
8292,1435993325389,296.0
8293,1435993325410,332.0
8294,1435993325428,392.0
8295,1435993325450,392.0
8296,1435993325468,408.0
8297,1435993325488,408.0
8298,1435993325509,403.0
8299,1435993325529,403.0
8300,1435993325549,355.0
8301,1435993325569,355.0
8302,1435993325589,356.0
8303,1435993325609,356.0
8304,1435993325630,343.0
8305,1435993325649,333.0
8306,1435993325669,333.0
8307,1435993325690,317.0
8308,1435993325711,317.0
8309,1435993325730,296.0
8310,1435993325755,296.0
8311,1435993325774,272.0
8312,1435993325794,272.0
8313,1435993325815,249.0
8314,1435993325833,249.0
8315,1435993325855,259.0
8316,1435993325875,256.0
8317,1435993325896,256.0
8318,1435993325916,241.0
8319,1435993325936,241.0
8320,1435993325951,227.0
8321,1435993325980,227.0
8322,1435993326015,213.0
8323,1435993326016,213.0
8324,1435993326030,197.0
8325,1435993326049,197.0
8326,1435993326069,179.0
8327,1435993326089,162.0
8328,1435993326110,162.0
8329,1435993326129,151.0
8330,1435993326149,151.0
8331,1435993326170,136.0
8332,1435993326189,136.0
8333,1435993326209,125.0
8334,1435993326235,125.0
8335,1435993326253,119.0
8336,1435993326271,119.0
8337,1435993326294,118.0
8338,1435993326316,123.0
8339,1435993326334,123.0
8340,1435993326354,137.0
8341,1435993326374,137.0
8342,1435993326394,173.0
8343,1435993326414,173.0
8344,1435993326434,224.0
8345,1435993326455,224.0
8346,1435993326474,278.0
8347,1435993326494,278.0
8348,1435993326512,322.0
8349,1435993326534,348.0
8350,1435993326556,348.0
8351,1435993326576,357.0
8352,1435993326606,357.0
8353,1435993326615,349.0
8354,1435993326631,349.0
8355,1435993326652,345.0
8356,1435993326672,345.0
8357,1435993326696,342.0
8358,1435993326759,342.0
8359,1435993326760,331.0
8360,1435993326761,323.0
8361,1435993326773,323.0
8362,1435993326790,314.0
8363,1435993326810,314.0
8364,1435993326835,295.0
8365,1435993326851,295.0
8366,1435993326872,267.0
8367,1435993326897,267.0
8368,1435993326915,244.0
8369,1435993326935,244.0
8370,1435993326953,250.0
8371,1435993326974,250.0
8372,1435993326995,240.0
8373,1435993327016,221.0
8374,1435993327034,221.0
8375,1435993327055,204.0
8376,1435993327078,204.0
8377,1435993327093,188.0
8378,1435993327117,188.0
8379,1435993327134,172.0
8380,1435993327155,172.0
8381,1435993327174,153.0
8382,1435993327194,153.0
8383,1435993327212,137.0
8384,1435993327244,124.0
8385,1435993327257,124.0
8386,1435993327277,113.0
8387,1435993327296,113.0
8388,1435993327316,104.0
8389,1435993327334,104.0
8390,1435993327359,100.0
8391,1435993327414,100.0
8392,1435993327415,99.0
8393,1435993327416,99.0
8394,1435993327432,101.0
8395,1435993327454,107.0
8396,1435993327473,107.0
8397,1435993327494,125.0
8398,1435993327511,125.0
8399,1435993327534,173.0
8400,1435993327556,173.0
8401,1435993327575,235.0
8402,1435993327594,235.0
8403,1435993327619,299.0
8404,1435993327632,299.0
8405,1435993327652,347.0
8406,1435993327673,394.0
8407,1435993327692,394.0
8408,1435993327712,381.0
8409,1435993327734,381.0
8410,1435993327754,374.0
8411,1435993327774,374.0
8412,1435993327795,373.0
8413,1435993327812,373.0
8414,1435993327835,357.0
8415,1435993327858,357.0
8416,1435993327877,345.0
8417,1435993327898,338.0
8418,1435993327916,338.0
8419,1435993327935,320.0
8420,1435993327953,320.0
8421,1435993327976,292.0
8422,1435993327994,292.0
8423,1435993328057,259.0
8424,1435993328058,259.0
8425,1435993328059,242.0
8426,1435993328071,242.0
8427,1435993328094,233.0
8428,1435993328111,210.0
8429,1435993328131,210.0
8430,1435993328155,193.0
8431,1435993328172,193.0
8432,1435993328193,176.0
8433,1435993328219,176.0
8434,1435993328236,162.0
8435,1435993328257,162.0
8436,1435993328276,148.0
8437,1435993328294,148.0
8438,1435993328315,133.0
8439,1435993328336,118.0
8440,1435993328356,118.0
8441,1435993328375,106.0
8442,1435993328395,106.0
8443,1435993328416,97.0
8444,1435993328434,97.0
8445,1435993328454,94.0
8446,1435993328474,94.0
8447,1435993328496,92.0
8448,1435993328515,92.0
8449,1435993328535,93.0
8450,1435993328556,97.0
8451,1435993328576,97.0
8452,1435993328597,108.0
8453,1435993328622,108.0
8454,1435993328687,146.0
8455,1435993328688,146.0
8456,1435993328689,211.0
8457,1435993328699,211.0
8458,1435993328716,279.0
8459,1435993328732,279.0
8460,1435993328754,369.0
8461,1435993328776,428.0
8462,1435993328794,428.0
8463,1435993328815,430.0
8464,1435993328836,430.0
8465,1435993328857,400.0
8466,1435993328878,400.0
8467,1435993328893,393.0
8468,1435993328916,393.0
8469,1435993328937,391.0
8470,1435993328956,391.0
8471,1435993328976,371.0
8472,1435993328997,351.0
8473,1435993329016,351.0
8474,1435993329035,334.0
8475,1435993329057,334.0
8476,1435993329076,309.0
8477,1435993329095,309.0
8478,1435993329117,274.0
8479,1435993329133,274.0
8480,1435993329157,229.0
8481,1435993329177,229.0
8482,1435993329194,214.0
8483,1435993329216,199.0
8484,1435993329235,199.0
8485,1435993329253,185.0
8486,1435993329273,185.0
8487,1435993329295,172.0
8488,1435993329336,172.0
8489,1435993329337,158.0
8490,1435993329356,158.0
8491,1435993329372,143.0
8492,1435993329392,143.0
8493,1435993329415,127.0
8494,1435993329435,127.0
8495,1435993329452,112.0
8496,1435993329473,98.0
8497,1435993329492,98.0
8498,1435993329512,91.0
8499,1435993329533,91.0
8500,1435993329552,88.0
8501,1435993329572,88.0
8502,1435993329593,88.0
8503,1435993329612,88.0
8504,1435993329632,90.0
8505,1435993329653,90.0
8506,1435993329672,95.0
8507,1435993329692,112.0
8508,1435993329713,112.0
8509,1435993329732,169.0
8510,1435993329763,169.0
8511,1435993329778,253.0
8512,1435993329796,253.0
8513,1435993329816,334.0
8514,1435993329837,334.0
8515,1435993329858,409.0
8516,1435993329877,409.0
8517,1435993329898,451.0
8518,1435993329916,462.0
8519,1435993329939,462.0
8520,1435993329982,458.0
8521,1435993329983,458.0
8522,1435993329993,449.0
8523,1435993330015,449.0
8524,1435993330034,427.0
8525,1435993330054,427.0
8526,1435993330075,400.0
8527,1435993330095,400.0
8528,1435993330114,380.0
8529,1435993330134,361.0
8530,1435993330155,361.0
8531,1435993330174,332.0
8532,1435993330201,332.0
8533,1435993330217,277.0
8534,1435993330236,277.0
8535,1435993330259,244.0
8536,1435993330277,244.0
8537,1435993330296,237.0
8538,1435993330322,237.0
8539,1435993330364,220.0
8540,1435993330365,203.0
8541,1435993330379,203.0
8542,1435993330398,186.0
8543,1435993330419,186.0
8544,1435993330440,168.0
8545,1435993330458,168.0
8546,1435993330478,149.0
8547,1435993330498,149.0
8548,1435993330519,128.0
8549,1435993330539,128.0
8550,1435993330559,109.0
8551,1435993330578,94.0
8552,1435993330661,94.0
8553,1435993330662,86.0
8554,1435993330663,86.0
8555,1435993330664,84.0
8556,1435993330677,84.0
8557,1435993330693,84.0
8558,1435993330714,84.0
8559,1435993330734,88.0
8560,1435993330757,88.0
8561,1435993330778,93.0
8562,1435993330799,110.0
8563,1435993330818,110.0
8564,1435993330837,171.0
8565,1435993330859,171.0
8566,1435993330878,263.0
8567,1435993330898,263.0
8568,1435993330919,354.0
8569,1435993330939,354.0
8570,1435993330959,446.0
8571,1435993331031,446.0
8572,1435993331032,500.0
8573,1435993331033,515.0
8574,1435993331037,515.0
8575,1435993331055,522.0
8576,1435993331079,522.0
8577,1435993331100,530.0
8578,1435993331123,530.0
8579,1435993331135,492.0
8580,1435993331156,492.0
8581,1435993331175,469.0
8582,1435993331199,469.0
8583,1435993331300,463.0
8584,1435993331301,423.0
8585,1435993331302,423.0
8586,1435993331303,350.0
8587,1435993331304,350.0
8588,1435993331314,280.0
8589,1435993331335,280.0
8590,1435993331357,269.0
8591,1435993331386,269.0
8592,1435993331395,242.0
8593,1435993331414,242.0
8594,1435993331434,227.0
8595,1435993331456,203.0
8596,1435993331475,203.0
8597,1435993331494,183.0
8598,1435993331516,183.0
8599,1435993331534,164.0
8600,1435993331554,164.0
8601,1435993331575,144.0
8602,1435993331595,144.0
8603,1435993331614,121.0
8604,1435993331636,121.0
8605,1435993331654,101.0
8606,1435993331681,87.0
8607,1435993331699,87.0
8608,1435993331718,81.0
8609,1435993331739,81.0
8610,1435993331759,80.0
8611,1435993331780,80.0
8612,1435993331800,82.0
8613,1435993331820,82.0
8614,1435993331839,86.0
8615,1435993331861,86.0
8616,1435993331916,93.0
8617,1435993331917,93.0
8618,1435993331918,117.0
8619,1435993331942,203.0
8620,1435993331955,203.0
8621,1435993331978,311.0
8622,1435993331998,311.0
8623,1435993332018,404.0
8624,1435993332037,404.0
8625,1435993332060,495.0
8626,1435993332080,495.0
8627,1435993332100,555.0
8628,1435993332118,555.0
8629,1435993332139,556.0
8630,1435993332159,542.0
8631,1435993332180,542.0
8632,1435993332199,527.0
8633,1435993332219,527.0
8634,1435993332240,501.0
8635,1435993332257,501.0
8636,1435993332278,492.0
8637,1435993332299,492.0
8638,1435993332317,475.0
8639,1435993332338,475.0
8640,1435993332359,437.0
8641,1435993332381,378.0
8642,1435993332402,378.0
8643,1435993332422,316.0
8644,1435993332439,316.0
8645,1435993332458,287.0
8646,1435993332480,287.0
8647,1435993332499,272.0
8648,1435993332517,272.0
8649,1435993332580,247.0
8650,1435993332581,247.0
8651,1435993332582,224.0
8652,1435993332600,202.0
8653,1435993332617,202.0
8654,1435993332637,182.0
8655,1435993332662,182.0
8656,1435993332680,159.0
8657,1435993332697,159.0
8658,1435993332721,133.0
8659,1435993332741,133.0
8660,1435993332759,112.0
8661,1435993332780,112.0
8662,1435993332800,97.0
8663,1435993332821,89.0
8664,1435993332841,89.0
8665,1435993332860,88.0
8666,1435993332881,88.0
8667,1435993332898,91.0
8668,1435993332917,91.0
8669,1435993332937,95.0
8670,1435993332959,95.0
8671,1435993332979,104.0
8672,1435993332999,104.0
8673,1435993333021,141.0
8674,1435993333040,227.0
8675,1435993333060,227.0
8676,1435993333079,328.0
8677,1435993333100,328.0
8678,1435993333121,436.0
8679,1435993333141,436.0
8680,1435993333161,559.0
8681,1435993333184,559.0
8682,1435993333239,641.0
8683,1435993333240,641.0
8684,1435993333241,614.0
8685,1435993333262,598.0
8686,1435993333277,598.0
8687,1435993333298,626.0
8688,1435993333320,626.0
8689,1435993333338,568.0
8690,1435993333358,568.0
8691,1435993333381,531.0
8692,1435993333401,531.0
8693,1435993333421,505.0
8694,1435993333440,505.0
8695,1435993333461,477.0
8696,1435993333481,431.0
8697,1435993333501,431.0
8698,1435993333520,380.0
8699,1435993333540,380.0
8700,1435993333562,329.0
8701,1435993333581,329.0
8702,1435993333599,297.0
8703,1435993333622,297.0
8704,1435993333638,258.0
8705,1435993333659,258.0
8706,1435993333680,232.0
8707,1435993333704,213.0
8708,1435993333722,213.0
8709,1435993333744,195.0
8710,1435993333761,195.0
8711,1435993333779,173.0
8712,1435993333800,173.0
8713,1435993333820,147.0
8714,1435993333839,147.0
8715,1435993333897,122.0
8716,1435993333900,122.0
8717,1435993333901,104.0
8718,1435993333919,92.0
8719,1435993333938,92.0
8720,1435993333959,89.0
8721,1435993333979,89.0
8722,1435993333998,90.0
8723,1435993334018,90.0
8724,1435993334042,94.0
8725,1435993334061,94.0
8726,1435993334081,100.0
8727,1435993334100,100.0
8728,1435993334120,115.0
8729,1435993334141,168.0
8730,1435993334162,168.0
8731,1435993334181,282.0
8732,1435993334201,282.0
8733,1435993334222,397.0
8734,1435993334252,397.0
8735,1435993334275,508.0
8736,1435993334294,508.0
8737,1435993334305,609.0
8738,1435993334318,609.0
8739,1435993334338,664.0
8740,1435993334359,664.0
8741,1435993334381,643.0
8742,1435993334401,630.0
8743,1435993334421,630.0
8744,1435993334441,626.0
8745,1435993334460,626.0
8746,1435993334479,598.0
8747,1435993334563,598.0
8748,1435993334564,571.0
8749,1435993334565,571.0
8750,1435993334566,552.0
8751,1435993334578,552.0
8752,1435993334597,495.0
8753,1435993334618,422.0
8754,1435993334643,422.0
8755,1435993334662,319.0
8756,1435993334680,319.0
8757,1435993334703,266.0
8758,1435993334722,266.0
8759,1435993334742,255.0
8760,1435993334766,255.0
8761,1435993334780,258.0
8762,1435993334802,258.0
8763,1435993334825,251.0
8764,1435993334840,239.0
8765,1435993334862,239.0
8766,1435993334887,215.0
8767,1435993334900,215.0
8768,1435993334922,187.0
8769,1435993334942,187.0
8770,1435993334974,152.0
8771,1435993334981,152.0
8772,1435993334999,126.0
8773,1435993335018,126.0
8774,1435993335040,108.0
8775,1435993335075,100.0
8776,1435993335079,100.0
8777,1435993335102,97.0
8778,1435993335123,97.0
8779,1435993335142,98.0
8780,1435993335167,98.0
8781,1435993335212,102.0
8782,1435993335213,102.0
8783,1435993335219,112.0
8784,1435993335240,112.0
8785,1435993335259,148.0
8786,1435993335282,258.0
8787,1435993335301,258.0
8788,1435993335320,407.0
8789,1435993335342,407.0
8790,1435993335363,532.0
8791,1435993335382,532.0
8792,1435993335406,634.0
8793,1435993335423,634.0
8794,1435993335443,688.0
8795,1435993335463,688.0
8796,1435993335483,684.0
8797,1435993335503,687.0
8798,1435993335522,687.0
8799,1435993335543,675.0
8800,1435993335562,675.0
8801,1435993335583,648.0
8802,1435993335603,648.0
8803,1435993335623,613.0
8804,1435993335642,613.0
8805,1435993335664,588.0
8806,1435993335685,588.0
8807,1435993335704,543.0
8808,1435993335724,478.0
8809,1435993335741,478.0
8810,1435993335761,374.0
8811,1435993335784,374.0
8812,1435993335810,287.0
8813,1435993335862,287.0
8814,1435993335863,263.0
8815,1435993335864,263.0
8816,1435993335887,268.0
8817,1435993335908,268.0
8818,1435993335921,266.0
8819,1435993335940,249.0
8820,1435993335964,249.0
8821,1435993335988,220.0
8822,1435993336004,220.0
8823,1435993336021,185.0
8824,1435993336039,185.0
8825,1435993336058,146.0
8826,1435993336085,146.0
8827,1435993336102,119.0
8828,1435993336119,119.0
8829,1435993336140,101.0
8830,1435993336164,95.0
8831,1435993336186,95.0
8832,1435993336204,97.0
8833,1435993336246,97.0
8834,1435993336247,103.0
8835,1435993336270,103.0
8836,1435993336280,111.0
8837,1435993336299,111.0
8838,1435993336320,133.0
8839,1435993336339,133.0
8840,1435993336359,212.0
8841,1435993336379,379.0
8842,1435993336399,379.0
8843,1435993336419,536.0
8844,1435993336440,536.0
8845,1435993336460,675.0
8846,1435993336484,675.0
8847,1435993336502,781.0
8848,1435993336548,781.0
8849,1435993336549,1417.0
8850,1435993336560,1417.0
8851,1435993336580,1062.0
8852,1435993336603,1062.0
8853,1435993336624,792.0
8854,1435993336640,797.0
8855,1435993336661,797.0
8856,1435993336682,771.0
8857,1435993336704,771.0
8858,1435993336724,738.0
8859,1435993336744,738.0
8860,1435993336761,712.0
8861,1435993336784,712.0
8862,1435993336805,674.0
8863,1435993336824,674.0
8864,1435993336842,610.0
8865,1435993336864,493.0
8866,1435993336882,493.0
8867,1435993336905,357.0
8868,1435993336922,357.0
8869,1435993336941,315.0
8870,1435993336961,315.0
8871,1435993336983,337.0
8872,1435993337007,337.0
8873,1435993337024,348.0
8874,1435993337052,348.0
8875,1435993337064,334.0
8876,1435993337089,305.0
8877,1435993337104,305.0
8878,1435993337121,266.0
8879,1435993337144,266.0
8880,1435993337220,219.0
8881,1435993337221,219.0
8882,1435993337222,174.0
8883,1435993337223,174.0
8884,1435993337240,141.0
8885,1435993337261,141.0
8886,1435993337285,118.0
8887,1435993337302,113.0
8888,1435993337322,113.0
8889,1435993337343,117.0
8890,1435993337361,117.0
8891,1435993337382,124.0
8892,1435993337402,124.0
8893,1435993337421,135.0
8894,1435993337441,135.0
8895,1435993337464,164.0
8896,1435993337484,164.0
8897,1435993337506,259.0
8898,1435993337524,440.0
8899,1435993337544,440.0
8900,1435993337564,618.0
8901,1435993337585,618.0
8902,1435993337666,742.0
8903,1435993337667,742.0
8904,1435993337668,862.0
8905,1435993337669,862.0
8906,1435993337680,893.0
8907,1435993337704,893.0
8908,1435993337722,875.0
8909,1435993337745,895.0
8910,1435993337764,895.0
8911,1435993337782,886.0
8912,1435993337804,886.0
8913,1435993337824,843.0
8914,1435993337891,843.0
8915,1435993337892,823.0
8916,1435993337893,823.0
8917,1435993337904,795.0
8918,1435993337920,795.0
8919,1435993337941,709.0
8920,1435993337960,601.0
8921,1435993337980,601.0
8922,1435993338004,469.0
8923,1435993338025,469.0
8924,1435993338045,381.0
8925,1435993338066,381.0
8926,1435993338085,374.0
8927,1435993338102,374.0
8928,1435993338127,382.0
8929,1435993338145,382.0
8930,1435993338165,371.0
8931,1435993338192,342.0
8932,1435993338208,342.0
8933,1435993338224,298.0
8934,1435993338244,298.0
8935,1435993338264,247.0
8936,1435993338287,247.0
8937,1435993338306,196.0
8938,1435993338322,196.0
8939,1435993338342,164.0
8940,1435993338363,164.0
8941,1435993338390,140.0
8942,1435993338403,136.0
8943,1435993338424,136.0
8944,1435993338442,146.0
8945,1435993338522,146.0
8946,1435993338523,162.0
8947,1435993338524,162.0
8948,1435993338525,185.0
8949,1435993338545,185.0
8950,1435993338565,228.0
8951,1435993338582,228.0
8952,1435993338604,334.0
8953,1435993338624,505.0
8954,1435993338643,505.0
8955,1435993338667,680.0
8956,1435993338686,680.0
8957,1435993338708,842.0
8958,1435993338725,842.0
8959,1435993338746,965.0
8960,1435993338766,965.0
8961,1435993338786,1010.0
8962,1435993338806,1010.0
8963,1435993338825,1006.0
8964,1435993338846,1026.0
8965,1435993338865,1026.0
8966,1435993338887,1016.0
8967,1435993338905,1016.0
8968,1435993338923,988.0
8969,1435993338943,988.0
8970,1435993338964,976.0
8971,1435993338983,976.0
8972,1435993339009,942.0
8973,1435993339029,942.0
8974,1435993339046,803.0
8975,1435993339065,644.0
8976,1435993339086,644.0
8977,1435993339106,456.0
8978,1435993339132,456.0
8979,1435993339179,427.0
8980,1435993339180,427.0
8981,1435993339193,466.0
8982,1435993339215,466.0
8983,1435993339222,499.0
8984,1435993339242,499.0
8985,1435993339275,485.0
8986,1435993339282,485.0
8987,1435993339302,428.0
8988,1435993339324,362.0
8989,1435993339342,362.0
8990,1435993339362,297.0
8991,1435993339383,297.0
8992,1435993339402,237.0
8993,1435993339422,237.0
8994,1435993339443,193.0
8995,1435993339462,193.0
8996,1435993339482,164.0
8997,1435993339503,164.0
8998,1435993339527,151.0
8999,1435993339543,146.0
9000,1435993339564,146.0
9001,1435993339584,154.0
9002,1435993339604,154.0
9003,1435993339625,176.0
9004,1435993339646,176.0
9005,1435993339666,218.0
9006,1435993339690,218.0
9007,1435993339706,328.0
9008,1435993339725,328.0
9009,1435993339746,513.0
9010,1435993339765,716.0
9011,1435993339785,716.0
9012,1435993339809,930.0
9013,1435993339846,930.0
9014,1435993339847,1089.0
9015,1435993339864,1089.0
9016,1435993339887,1226.0
9017,1435993339902,1226.0
9018,1435993339923,1126.0
9019,1435993339943,1126.0
9020,1435993339963,1097.0
9021,1435993339987,1239.0
9022,1435993340007,1239.0
9023,1435993340027,1487.0
9024,1435993340048,1487.0
9025,1435993340067,1546.0
9026,1435993340087,1546.0
9027,1435993340107,1607.0
9028,1435993340126,1607.0
9029,1435993340147,1220.0
9030,1435993340168,1220.0
9031,1435993340185,805.0
9032,1435993340212,609.0
9033,1435993340228,609.0
9034,1435993340243,492.0
9035,1435993340267,492.0
9036,1435993340286,489.0
9037,1435993340304,489.0
9038,1435993340326,521.0
9039,1435993340394,521.0
9040,1435993340395,530.0
9041,1435993340396,530.0
9042,1435993340415,508.0
9043,1435993340423,442.0
9044,1435993340469,442.0
9045,1435993340470,364.0
9046,1435993340484,364.0
9047,1435993340505,294.0
9048,1435993340525,294.0
9049,1435993340545,230.0
9050,1435993340565,230.0
9051,1435993340587,177.0
9052,1435993340605,177.0
9053,1435993340628,151.0
9054,1435993340649,151.0
9055,1435993340668,151.0
9056,1435993340689,163.0
9057,1435993340707,163.0
9058,1435993340728,186.0
9059,1435993340747,186.0
9060,1435993340768,237.0
9061,1435993340788,237.0
9062,1435993340807,352.0
9063,1435993340826,352.0
9064,1435993340847,546.0
9065,1435993340868,778.0
9066,1435993340893,778.0
9067,1435993340909,1039.0
9068,1435993340926,1039.0
9069,1435993340946,1371.0
9070,1435993340965,1371.0
9071,1435993340985,1431.0
9072,1435993341008,1431.0
9073,1435993341025,1372.0
9074,1435993341045,1372.0
9075,1435993341066,1349.0
9076,1435993341087,1466.0
9077,1435993341105,1466.0
9078,1435993341150,1487.0
9079,1435993341151,1487.0
9080,1435993341164,1404.0
9081,1435993341186,1404.0
9082,1435993341206,1388.0
9083,1435993341226,1388.0
9084,1435993341247,1426.0
9085,1435993341266,1426.0
9086,1435993341285,1105.0
9087,1435993341307,830.0
9088,1435993341328,830.0
9089,1435993341348,994.0
9090,1435993341367,994.0
9091,1435993341389,1384.0
9092,1435993341410,1384.0
9093,1435993341426,1047.0
9094,1435993341445,1047.0
9095,1435993341465,896.0
9096,1435993341488,896.0
9097,1435993341509,833.0
9098,1435993341528,767.0
9099,1435993341548,767.0
9100,1435993341568,704.0
9101,1435993341589,704.0
9102,1435993341610,635.0
9103,1435993341628,635.0
9104,1435993341649,574.0
9105,1435993341668,574.0
9106,1435993341688,542.0
9107,1435993341709,542.0
9108,1435993341728,554.0
9109,1435993341748,554.0
9110,1435993341807,605.0
9111,1435993341808,618.0
9112,1435993341809,618.0
9113,1435993341825,635.0
9114,1435993341848,635.0
9115,1435993341866,670.0
9116,1435993341889,670.0
9117,1435993341906,707.0
9118,1435993341925,707.0
9119,1435993341946,867.0
9120,1435993341966,867.0
9121,1435993341986,1266.0
9122,1435993342007,2089.0
9123,1435993342030,2089.0
9124,1435993342049,2720.0
9125,1435993342069,2720.0
9126,1435993342089,1747.0
9127,1435993342111,1747.0
9128,1435993342126,2101.0
9129,1435993342150,2101.0
9130,1435993342168,2023.0
9131,1435993342188,2023.0
9132,1435993342212,1995.0
9133,1435993342229,2156.0
9134,1435993342257,2156.0
9135,1435993342270,3419.0
9136,1435993342288,3419.0
9137,1435993342308,10553.0
9138,1435993342329,10553.0
9139,1435993342349,13202.0
9140,1435993342369,13202.0
9141,1435993342392,1275.0
9142,1435993342437,1275.0
9143,1435993342438,994.0
9144,1435993342453,2813.0
9145,1435993342465,2813.0
9146,1435993342485,17606.0
9147,1435993342505,17606.0
9148,1435993342525,15860.0
9149,1435993342548,15860.0
9150,1435993342572,7395.0
9151,1435993342590,7395.0
9152,1435993342610,2118.0
9153,1435993342629,2118.0
9154,1435993342650,1611.0
9155,1435993342669,1286.0
9156,1435993342692,1286.0
9157,1435993342709,1111.0
9158,1435993342729,1111.0
9159,1435993342749,985.0
9160,1435993342769,985.0
9161,1435993342789,895.0
9162,1435993342811,895.0
9163,1435993342828,791.0
9164,1435993342849,791.0
9165,1435993342871,642.0
9166,1435993342894,480.0
9167,1435993342912,480.0
9168,1435993342928,385.0
9169,1435993342947,385.0
9170,1435993342967,367.0
9171,1435993342988,367.0
9172,1435993343017,379.0
9173,1435993343057,379.0
9174,1435993343058,455.0
9175,1435993343074,455.0
9176,1435993343094,625.0
9177,1435993343109,837.0
9178,1435993343126,837.0
9179,1435993343147,1152.0
9180,1435993343168,1152.0
9181,1435993343188,1382.0
9182,1435993343208,1382.0
9183,1435993343230,1440.0
9184,1435993343248,1440.0
9185,1435993343271,1390.0
9186,1435993343288,1390.0
9187,1435993343312,1577.0
9188,1435993343330,1490.0
9189,1435993343351,1490.0
9190,1435993343366,1372.0
9191,1435993343386,1372.0
9192,1435993343408,1363.0
9193,1435993343426,1363.0
9194,1435993343449,1318.0
9195,1435993343467,1318.0
9196,1435993343487,1058.0
9197,1435993343506,1058.0
9198,1435993343527,827.0
9199,1435993343546,593.0
9200,1435993343566,593.0
9201,1435993343591,669.0
9202,1435993343610,669.0
9203,1435993343630,755.0
9204,1435993343650,755.0
9205,1435993343675,793.0
9206,1435993343695,793.0
9207,1435993343709,741.0
9208,1435993343729,741.0
9209,1435993343748,667.0
9210,1435993343767,582.0
9211,1435993343786,582.0
9212,1435993343806,513.0
9213,1435993343827,513.0
9214,1435993343856,436.0
9215,1435993343870,436.0
9216,1435993343890,356.0
9217,1435993343912,356.0
9218,1435993343930,271.0
9219,1435993343949,271.0
9220,1435993343969,221.0
9221,1435993343990,204.0
9222,1435993344011,204.0
9223,1435993344030,205.0
9224,1435993344051,205.0
9225,1435993344071,216.0
9226,1435993344091,216.0
9227,1435993344108,245.0
9228,1435993344131,245.0
9229,1435993344152,329.0
9230,1435993344172,329.0
9231,1435993344192,495.0
9232,1435993344210,495.0
9233,1435993344228,663.0
9234,1435993344252,867.0
9235,1435993344279,867.0
9236,1435993344330,1083.0
9237,1435993344331,1083.0
9238,1435993344336,1237.0
9239,1435993344350,1237.0
9240,1435993344367,1275.0
9241,1435993344388,1275.0
9242,1435993344408,1355.0
9243,1435993344431,1355.0
9244,1435993344449,1400.0
9245,1435993344471,1266.0
9246,1435993344492,1266.0
9247,1435993344509,1208.0
9248,1435993344530,1208.0
9249,1435993344550,1201.0
9250,1435993344568,1201.0
9251,1435993344589,1053.0
9252,1435993344608,1053.0
9253,1435993344628,830.0
9254,1435993344648,830.0
9255,1435993344672,623.0
9256,1435993344691,552.0
9257,1435993344711,552.0
9258,1435993344729,636.0
9259,1435993344749,636.0
9260,1435993344769,654.0
9261,1435993344796,654.0
9262,1435993344810,614.0
9263,1435993344834,614.0
9264,1435993344852,570.0
9265,1435993344869,570.0
9266,1435993344889,531.0
9267,1435993344910,489.0
9268,1435993344931,489.0
9269,1435993345012,436.0
9270,1435993345013,436.0
9271,1435993345014,370.0
9272,1435993345015,370.0
9273,1435993345034,306.0
9274,1435993345048,306.0
9275,1435993345068,252.0
9276,1435993345088,252.0
9277,1435993345107,226.0
9278,1435993345130,221.0
9279,1435993345149,221.0
9280,1435993345170,243.0
9281,1435993345191,243.0
9282,1435993345210,266.0
9283,1435993345230,266.0
9284,1435993345250,316.0
9285,1435993345273,316.0
9286,1435993345290,437.0
9287,1435993345312,437.0
9288,1435993345333,607.0
9289,1435993345350,770.0
9290,1435993345380,770.0
9291,1435993345390,981.0
9292,1435993345409,981.0
9293,1435993345429,1163.0
9294,1435993345450,1163.0
9295,1435993345469,1402.0
9296,1435993345489,1402.0
9297,1435993345512,2628.0
9298,1435993345529,2628.0
9299,1435993345549,9057.0
9300,1435993345574,20901.0
9301,1435993345589,20901.0
9302,1435993345611,31311.0
9303,1435993345677,31311.0
9304,1435993345678,24798.0
9305,1435993345679,24798.0
9306,1435993345696,14441.0
9307,1435993345714,14441.0
9308,1435993345730,2868.0
9309,1435993345750,2868.0
9310,1435993345772,719.0
9311,1435993345790,583.0
9312,1435993345811,583.0
9313,1435993345830,554.0
9314,1435993345852,554.0
9315,1435993345876,553.0
9316,1435993345892,553.0
9317,1435993345913,519.0
9318,1435993345935,519.0
9319,1435993345964,485.0
9320,1435993345969,485.0
9321,1435993346051,452.0
9322,1435993346052,411.0
9323,1435993346053,411.0
9324,1435993346054,374.0
9325,1435993346068,374.0
9326,1435993346088,339.0
9327,1435993346109,339.0
9328,1435993346129,291.0
9329,1435993346149,291.0
9330,1435993346171,240.0
9331,1435993346191,240.0
9332,1435993346213,209.0
9333,1435993346233,202.0
9334,1435993346252,202.0
9335,1435993346270,213.0
9336,1435993346300,213.0
9337,1435993346357,236.0
9338,1435993346358,236.0
9339,1435993346359,264.0
9340,1435993346371,264.0
9341,1435993346389,342.0
9342,1435993346409,342.0
9343,1435993346429,501.0
9344,1435993346449,678.0
9345,1435993346469,678.0
9346,1435993346488,835.0
9347,1435993346509,835.0
9348,1435993346530,1000.0
9349,1435993346549,1000.0
9350,1435993346569,1118.0
9351,1435993346589,1118.0
9352,1435993346609,1593.0
9353,1435993346629,1593.0
9354,1435993346649,1670.0
9355,1435993346669,1670.0
9356,1435993346689,1152.0
9357,1435993346711,1116.0
9358,1435993346730,1116.0
9359,1435993346753,1086.0
9360,1435993346774,1086.0
9361,1435993346791,1031.0
9362,1435993346813,1031.0
9363,1435993346833,909.0
9364,1435993346854,909.0
9365,1435993346874,807.0
9366,1435993346894,807.0
9367,1435993346911,676.0
9368,1435993346933,599.0
9369,1435993346961,599.0
9370,1435993347034,561.0
9371,1435993347035,561.0
9372,1435993347036,533.0
9373,1435993347037,533.0
9374,1435993347051,510.0
9375,1435993347072,510.0
9376,1435993347089,464.0
9377,1435993347109,464.0
9378,1435993347131,429.0
9379,1435993347153,389.0
9380,1435993347174,389.0
9381,1435993347194,336.0
9382,1435993347213,336.0
9383,1435993347233,286.0
9384,1435993347252,286.0
9385,1435993347274,252.0
9386,1435993347294,252.0
9387,1435993347314,238.0
9388,1435993347332,238.0
9389,1435993347354,233.0
9390,1435993347375,237.0
9391,1435993347394,237.0
9392,1435993347413,257.0
9393,1435993347433,257.0
9394,1435993347455,293.0
9395,1435993347476,293.0
9396,1435993347496,388.0
9397,1435993347514,388.0
9398,1435993347532,558.0
9399,1435993347557,558.0
9400,1435993347573,739.0
9401,1435993347598,915.0
9402,1435993347639,915.0
9403,1435993347640,1095.0
9404,1435993347650,1095.0
9405,1435993347671,1224.0
9406,1435993347691,1224.0
9407,1435993347711,1255.0
9408,1435993347732,1255.0
9409,1435993347751,1254.0
9410,1435993347775,1254.0
9411,1435993347796,1284.0
9412,1435993347811,1231.0
9413,1435993347834,1231.0
9414,1435993347853,1177.0
9415,1435993347874,1177.0
9416,1435993347894,1140.0
9417,1435993347912,1140.0
9418,1435993347934,1064.0
9419,1435993347982,1064.0
9420,1435993347983,950.0
9421,1435993347992,950.0
9422,1435993348010,770.0
9423,1435993348032,622.0
9424,1435993348050,622.0
9425,1435993348071,587.0
9426,1435993348092,587.0
9427,1435993348111,594.0
9428,1435993348131,594.0
9429,1435993348159,588.0
9430,1435993348178,588.0
9431,1435993348192,567.0
9432,1435993348216,567.0
9433,1435993348305,531.0
9434,1435993348306,478.0
9435,1435993348307,478.0
9436,1435993348308,401.0
9437,1435993348317,401.0
9438,1435993348333,331.0
9439,1435993348355,331.0
9440,1435993348376,280.0
9441,1435993348392,280.0
9442,1435993348412,259.0
9443,1435993348432,259.0
9444,1435993348456,259.0
9445,1435993348476,274.0
9446,1435993348499,274.0
9447,1435993348514,317.0
9448,1435993348532,317.0
9449,1435993348556,411.0
9450,1435993348573,411.0
9451,1435993348592,604.0
9452,1435993348612,604.0
9453,1435993348634,851.0
9454,1435993348655,851.0
9455,1435993348675,1074.0
9456,1435993348696,1278.0
9457,1435993348718,1278.0
9458,1435993348736,1485.0
9459,1435993348756,1485.0
9460,1435993348775,1612.0
9461,1435993348795,1612.0
9462,1435993348815,1667.0
9463,1435993348836,1667.0
9464,1435993348857,1671.0
9465,1435993348876,1671.0
9466,1435993348895,1698.0
9467,1435993348919,1748.0
9468,1435993348961,1748.0
9469,1435993348962,1717.0
9470,1435993348971,1717.0
9471,1435993348993,1681.0
9472,1435993349016,1681.0
9473,1435993349035,1641.0
9474,1435993349052,1641.0
9475,1435993349072,1525.0
9476,1435993349092,1525.0
9477,1435993349113,1263.0
9478,1435993349133,1263.0
9479,1435993349156,933.0
9480,1435993349174,884.0
9481,1435993349198,884.0
9482,1435993349216,966.0
9483,1435993349236,966.0
9484,1435993349254,1029.0
9485,1435993349280,1029.0
9486,1435993349295,1020.0
9487,1435993349319,1020.0
9488,1435993349333,988.0
9489,1435993349355,988.0
9490,1435993349372,930.0
9491,1435993349394,848.0
9492,1435993349415,848.0
9493,1435993349434,739.0
9494,1435993349456,739.0
9495,1435993349480,649.0
9496,1435993349496,649.0
9497,1435993349515,612.0
9498,1435993349596,612.0
9499,1435993349597,665.0
9500,1435993349598,665.0
9501,1435993349599,807.0
9502,1435993349618,1011.0
9503,1435993349632,1011.0
9504,1435993349652,1186.0
9505,1435993349672,1186.0
9506,1435993349694,1347.0
9507,1435993349716,1347.0
9508,1435993349737,1602.0
9509,1435993349757,1602.0
9510,1435993349778,1936.0
9511,1435993349798,1936.0
9512,1435993349816,5343.0
9513,1435993349837,20684.0
9514,1435993349856,20684.0
9515,1435993349876,39661.0
9516,1435993349896,39661.0
9517,1435993349915,21474.0
9518,1435993349936,21474.0
9519,1435993349955,21301.0
9520,1435993349975,21301.0
9521,1435993349994,2820.0
9522,1435993350019,2820.0
9523,1435993350040,2760.0
9524,1435993350055,3144.0
9525,1435993350074,3144.0
9526,1435993350094,3451.0
9527,1435993350114,3451.0
9528,1435993350136,2978.0
9529,1435993350165,2978.0
9530,1435993350208,2017.0
9531,1435993350220,2017.0
9532,1435993350221,1525.0
9533,1435993350240,1525.0
9534,1435993350256,1297.0
9535,1435993350275,1606.0
9536,1435993350295,1606.0
9537,1435993350316,1935.0
9538,1435993350334,1935.0
9539,1435993350391,1990.0
9540,1435993350401,1990.0
9541,1435993350402,1931.0
9542,1435993350417,1931.0
9543,1435993350439,1851.0
9544,1435993350456,1851.0
9545,1435993350491,1762.0
9546,1435993350526,1663.0
9547,1435993350527,1663.0
9548,1435993350533,1544.0
9549,1435993350553,1544.0
9550,1435993350572,1416.0
9551,1435993350595,1416.0
9552,1435993350615,1284.0
9553,1435993350636,1284.0
9554,1435993350664,1214.0
9555,1435993350675,1214.0
9556,1435993350695,1224.0
9557,1435993350714,1281.0
9558,1435993350735,1281.0
9559,1435993350755,1347.0
9560,1435993350778,1347.0
9561,1435993350799,1421.0
9562,1435993350823,1421.0
9563,1435993350864,1501.0
9564,1435993350865,1501.0
9565,1435993350880,1735.0
9566,1435993350897,1735.0
9567,1435993350915,2077.0
9568,1435993350936,2736.0
9569,1435993350955,2736.0
9570,1435993350976,3102.0
9571,1435993350995,3102.0
9572,1435993351017,3084.0
9573,1435993351039,3084.0
9574,1435993351054,7804.0
9575,1435993351077,7804.0
9576,1435993351095,4810.0
9577,1435993351115,4810.0
9578,1435993351134,2868.0
9579,1435993351158,3198.0
9580,1435993351178,3198.0
9581,1435993351198,3169.0
9582,1435993351222,3169.0
9583,1435993351238,2766.0
9584,1435993351261,2766.0
9585,1435993351281,1783.0
9586,1435993351295,1783.0
9587,1435993351316,1429.0
9588,1435993351336,1429.0
9589,1435993351361,1461.0
9590,1435993351373,1461.0
9591,1435993351401,1859.0
9592,1435993351413,1919.0
9593,1435993351433,1919.0
9594,1435993351456,1854.0
9595,1435993351480,1854.0
9596,1435993351494,1799.0
9597,1435993351517,1799.0
9598,1435993351537,1763.0
9599,1435993351559,1763.0
9600,1435993351576,1718.0
9601,1435993351595,1718.0
9602,1435993351619,1675.0
9603,1435993351640,1631.0
9604,1435993351657,1631.0
9605,1435993351678,1580.0
9606,1435993351697,1580.0
9607,1435993351718,1562.0
9608,1435993351738,1562.0
9609,1435993351760,1591.0
9610,1435993351778,1591.0
9611,1435993351798,1665.0
9612,1435993351820,1665.0
9613,1435993351836,1783.0
9614,1435993351858,1899.0
9615,1435993351880,1899.0
9616,1435993351900,1965.0
9617,1435993351920,1965.0
9618,1435993351940,2058.0
9619,1435993351959,2058.0
9620,1435993351978,2261.0
9621,1435993351999,2261.0
9622,1435993352020,6343.0
9623,1435993352041,6343.0
9624,1435993352061,28371.0
9625,1435993352079,42001.0
9626,1435993352103,42001.0
9627,1435993352145,51020.0
9628,1435993352146,51020.0
9629,1435993352154,47584.0
9630,1435993352175,47584.0
9631,1435993352195,40771.0
9632,1435993352219,40771.0
9633,1435993352236,0.0
9634,1435993352256,40382.0
9635,1435993352279,40382.0
9636,1435993352300,41918.0
9637,1435993352316,41918.0
9638,1435993352338,41792.0
9639,1435993352359,41792.0
9640,1435993352379,6637.0
9641,1435993352399,6637.0
9642,1435993352421,1608.0
9643,1435993352439,1608.0
9644,1435993352460,1376.0
9645,1435993352481,17382.0
9646,1435993352499,17382.0
9647,1435993352519,18037.0
9648,1435993352539,18037.0
9649,1435993352558,10351.0
9650,1435993352577,10351.0
9651,1435993352601,2887.0
9652,1435993352621,2887.0
9653,1435993352641,2431.0
9654,1435993352659,2431.0
9655,1435993352677,2104.0
9656,1435993352697,1926.0
9657,1435993352719,1926.0
9658,1435993352737,1795.0
9659,1435993352801,1795.0
9660,1435993352802,1706.0
9661,1435993352803,1706.0
9662,1435993352820,1626.0
9663,1435993352841,1626.0
9664,1435993352856,1557.0
9665,1435993352878,1557.0
9666,1435993352897,1537.0
9667,1435993352919,1578.0
9668,1435993352937,1578.0
9669,1435993352960,1616.0
9670,1435993352979,1616.0
9671,1435993352999,1599.0
9672,1435993353020,1599.0
9673,1435993353039,1560.0
9674,1435993353059,1560.0
9675,1435993353080,1607.0
9676,1435993353097,1607.0
9677,1435993353117,1984.0
9678,1435993353137,17045.0
9679,1435993353157,17045.0
9680,1435993353177,30752.0
9681,1435993353199,30752.0
9682,1435993353219,40533.0
9683,1435993353239,40533.0
9684,1435993353259,47381.0
9685,1435993353280,47381.0
9686,1435993353300,38611.0
9687,1435993353321,38611.0
9688,1435993353339,0.0
9689,1435993353360,36230.0
9690,1435993353380,36230.0
9691,1435993353400,40154.0
9692,1435993353421,40154.0
9693,1435993353468,39788.0
9694,1435993353469,39788.0
9695,1435993353476,28977.0
9696,1435993353496,28977.0
9697,1435993353516,1381.0
9698,1435993353536,1381.0
9699,1435993353559,1059.0
9700,1435993353578,2534.0
9701,1435993353598,2534.0
9702,1435993353621,5441.0
9703,1435993353641,5441.0
9704,1435993353661,2008.0
9705,1435993353680,2008.0
9706,1435993353699,1628.0
9707,1435993353720,1628.0
9708,1435993353743,1523.0
9709,1435993353759,1523.0
9710,1435993353780,1442.0
9711,1435993353802,1424.0
9712,1435993353822,1424.0
9713,1435993353840,1349.0
9714,1435993353862,1349.0
9715,1435993353882,1295.0
9716,1435993353902,1295.0
9717,1435993353921,1230.0
9718,1435993353940,1230.0
9719,1435993353960,1127.0
9720,1435993353980,1127.0
9721,1435993354003,977.0
9722,1435993354024,869.0
9723,1435993354043,869.0
9724,1435993354061,898.0
9725,1435993354084,898.0
9726,1435993354129,955.0
9727,1435993354130,955.0
9728,1435993354136,922.0
9729,1435993354157,922.0
9730,1435993354178,861.0
9731,1435993354198,861.0
9732,1435993354219,902.0
9733,1435993354244,1130.0
9734,1435993354259,1130.0
9735,1435993354282,6843.0
9736,1435993354301,6843.0
9737,1435993354319,12116.0
9738,1435993354340,12116.0
9739,1435993354361,2491.0
9740,1435993354381,2491.0
9741,1435993354401,1851.0
9742,1435993354418,1851.0
9743,1435993354438,1984.0
9744,1435993354460,2229.0
9745,1435993354478,2229.0
9746,1435993354498,3828.0
9747,1435993354519,3828.0
9748,1435993354540,10128.0
9749,1435993354560,10128.0
9750,1435993354579,9795.0
9751,1435993354600,9795.0
9752,1435993354621,1413.0
9753,1435993354642,1413.0
9754,1435993354661,744.0
9755,1435993354678,655.0
9756,1435993354699,655.0
9757,1435993354728,7393.0
9758,1435993354779,7393.0
9759,1435993354780,3156.0
9760,1435993354781,3156.0
9761,1435993354797,1587.0
9762,1435993354819,1587.0
9763,1435993354838,1194.0
9764,1435993354859,1194.0
9765,1435993354885,942.0
9766,1435993354900,796.0
9767,1435993354921,796.0
9768,1435993354942,697.0
9769,1435993354961,697.0
9770,1435993354981,631.0
9771,1435993355001,631.0
9772,1435993355021,566.0
9773,1435993355041,566.0
9774,1435993355062,516.0
9775,1435993355081,516.0
9776,1435993355100,484.0
9777,1435993355122,452.0
9778,1435993355139,452.0
9779,1435993355160,423.0
9780,1435993355180,423.0
9781,1435993355200,405.0
9782,1435993355220,405.0
9783,1435993355241,414.0
9784,1435993355262,414.0
9785,1435993355282,467.0
9786,1435993355299,467.0
9787,1435993355319,605.0
9788,1435993355341,848.0
9789,1435993355361,848.0
9790,1435993355380,1420.0
9791,1435993355465,1420.0
9792,1435993355466,2212.0
9793,1435993355467,2212.0
9794,1435993355468,2651.0
9795,1435993355489,2651.0
9796,1435993355499,1941.0
9797,1435993355518,1941.0
9798,1435993355539,1445.0
9799,1435993355559,1445.0
9800,1435993355580,1742.0
9801,1435993355602,2507.0
9802,1435993355620,2507.0
9803,1435993355642,8466.0
9804,1435993355660,8466.0
9805,1435993355682,11023.0
9806,1435993355702,11023.0
9807,1435993355721,8973.0
9808,1435993355740,8973.0
9809,1435993355762,786.0
9810,1435993355783,786.0
9811,1435993355800,646.0
9812,1435993355820,2868.0
9813,1435993355842,2868.0
9814,1435993355874,2766.0
9815,1435993355880,2766.0
9816,1435993355901,1212.0
9817,1435993355918,1212.0
9818,1435993355941,810.0
9819,1435993355965,810.0
9820,1435993355982,724.0
9821,1435993356002,724.0
9822,1435993356022,649.0
9823,1435993356054,585.0
9824,1435993356074,585.0
9825,1435993356080,534.0
9826,1435993356108,534.0
9827,1435993356118,497.0
9828,1435993356139,497.0
9829,1435993356158,479.0
9830,1435993356178,479.0
9831,1435993356198,485.0
9832,1435993356218,485.0
9833,1435993356238,522.0
9834,1435993356259,586.0
9835,1435993356278,586.0
9836,1435993356298,629.0
9837,1435993356319,629.0
9838,1435993356338,603.0
9839,1435993356358,603.0
9840,1435993356379,564.0
9841,1435993356398,564.0
9842,1435993356418,633.0
9843,1435993356439,633.0
9844,1435993356458,835.0
9845,1435993356480,1022.0
9846,1435993356499,1022.0
9847,1435993356519,1231.0
9848,1435993356540,1231.0
9849,1435993356566,1518.0
9850,1435993356581,1518.0
9851,1435993356602,2763.0
9852,1435993356621,2763.0
9853,1435993356640,6795.0
9854,1435993356661,6795.0
9855,1435993356684,6005.0
9856,1435993356704,2094.0
9857,1435993356742,2094.0
9858,1435993356743,1805.0
9859,1435993356759,1805.0
9860,1435993356780,1805.0
9861,1435993356804,1805.0
9862,1435993356822,1346.0
9863,1435993356840,1346.0
9864,1435993356861,762.0
9865,1435993356882,762.0
9866,1435993356904,627.0
9867,1435993356924,698.0
9868,1435993356965,698.0
9869,1435993356966,758.0
9870,1435993356983,758.0
9871,1435993357000,714.0
9872,1435993357020,714.0
9873,1435993357042,683.0
9874,1435993357061,683.0
9875,1435993357082,668.0
9876,1435993357105,668.0
9877,1435993357123,634.0
9878,1435993357143,588.0
9879,1435993357164,588.0
9880,1435993357183,546.0
9881,1435993357205,546.0
9882,1435993357224,496.0
9883,1435993357245,496.0
9884,1435993357264,443.0
9885,1435993357284,443.0
9886,1435993357303,383.0
9887,1435993357324,383.0
9888,1435993357351,329.0
9889,1435993357417,299.0
9890,1435993357418,299.0
9891,1435993357419,298.0
9892,1435993357420,298.0
9893,1435993357444,320.0
9894,1435993357460,320.0
9895,1435993357480,372.0
9896,1435993357500,372.0
9897,1435993357520,476.0
9898,1435993357540,476.0
9899,1435993357564,617.0
9900,1435993357586,827.0
9901,1435993357602,827.0
9902,1435993357624,1045.0
9903,1435993357645,1045.0
9904,1435993357664,1039.0
9905,1435993357684,1039.0
9906,1435993357705,1079.0
9907,1435993357726,1079.0
9908,1435993357741,1092.0
9909,1435993357764,1092.0
9910,1435993357781,1278.0
9911,1435993357802,2089.0
9912,1435993357823,2089.0
9913,1435993357844,5802.0
9914,1435993357867,5802.0
9915,1435993357887,8640.0
9916,1435993357904,8640.0
9917,1435993357922,12073.0
9918,1435993357949,12073.0
9919,1435993357967,2105.0
9920,1435993357991,2105.0
9921,1435993358039,735.0
9922,1435993358049,735.0
9923,1435993358050,639.0
9924,1435993358070,1702.0
9925,1435993358082,1702.0
9926,1435993358104,814.0
9927,1435993358124,814.0
9928,1435993358144,636.0
9929,1435993358162,636.0
9930,1435993358189,615.0
9931,1435993358201,615.0
9932,1435993358224,589.0
9933,1435993358247,589.0
9934,1435993358264,550.0
9935,1435993358282,516.0
9936,1435993358305,516.0
9937,1435993358323,483.0
9938,1435993358346,483.0
9939,1435993358365,447.0
9940,1435993358384,447.0
9941,1435993358405,380.0
9942,1435993358425,380.0
9943,1435993358448,310.0
9944,1435993358463,310.0
9945,1435993358482,262.0
9946,1435993358502,241.0
9947,1435993358522,241.0
9948,1435993358542,246.0
9949,1435993358565,246.0
9950,1435993358583,284.0
9951,1435993358605,284.0
9952,1435993358622,387.0
9953,1435993358644,387.0
9954,1435993358707,534.0
9955,1435993358708,534.0
9956,1435993358709,688.0
9957,1435993358723,861.0
9958,1435993358753,861.0
9959,1435993358760,1029.0
9960,1435993358781,1029.0
9961,1435993358801,1114.0
9962,1435993358820,1114.0
9963,1435993358845,1128.0
9964,1435993358866,1128.0
9965,1435993358886,1106.0
9966,1435993358907,1106.0
9967,1435993358922,1113.0
9968,1435993358944,1108.0
9969,1435993358963,1108.0
9970,1435993358982,1098.0
9971,1435993359002,1098.0
9972,1435993359026,1186.0
9973,1435993359042,1186.0
9974,1435993359068,1149.0
9975,1435993359088,1149.0
9976,1435993359108,810.0
9977,1435993359125,810.0
9978,1435993359147,630.0
9979,1435993359164,546.0
9980,1435993359183,546.0
9981,1435993359212,594.0
9982,1435993359225,594.0
9983,1435993359252,600.0
9984,1435993359269,600.0
9985,1435993359324,566.0
9986,1435993359325,566.0
9987,1435993359326,542.0
9988,1435993359342,542.0
9989,1435993359361,513.0
9990,1435993359385,474.0
9991,1435993359403,474.0
9992,1435993359424,428.0
9993,1435993359444,428.0
9994,1435993359462,376.0
9995,1435993359483,376.0
9996,1435993359504,317.0
9997,1435993359526,317.0
9998,1435993359546,261.0
9999,1435993359566,261.0
10000,1435993359585,231.0
10001,1435993359606,225.0
10002,1435993359626,225.0
10003,1435993359648,235.0
10004,1435993359663,235.0
10005,1435993359687,257.0
10006,1435993359707,257.0
10007,1435993359726,316.0
10008,1435993359746,316.0
10009,1435993359766,435.0
10010,1435993359786,435.0
10011,1435993359806,588.0
10012,1435993359826,763.0
10013,1435993359846,763.0
10014,1435993359867,952.0
10015,1435993359886,952.0
10016,1435993359905,1100.0
10017,1435993359924,1100.0
10018,1435993359990,1189.0
10019,1435993359991,1189.0
10020,1435993359992,1162.0
10021,1435993360008,1162.0
10022,1435993360021,1171.0
10023,1435993360043,1158.0
10024,1435993360062,1158.0
10025,1435993360084,1108.0
10026,1435993360106,1108.0
10027,1435993360126,1095.0
10028,1435993360145,1095.0
10029,1435993360167,1023.0
10030,1435993360189,1023.0
10031,1435993360206,897.0
10032,1435993360225,897.0
10033,1435993360247,734.0
10034,1435993360269,572.0
10035,1435993360295,572.0
10036,1435993360306,544.0
10037,1435993360326,544.0
10038,1435993360349,557.0
10039,1435993360394,557.0
10040,1435993360395,570.0
10041,1435993360407,570.0
10042,1435993360426,569.0
10043,1435993360446,569.0
10044,1435993360467,549.0
10045,1435993360486,549.0
10046,1435993360505,511.0
10047,1435993360526,466.0
10048,1435993360546,466.0
10049,1435993360587,415.0
10050,1435993360588,415.0
10051,1435993360603,357.0
10052,1435993360624,357.0
10053,1435993360643,299.0
10054,1435993360664,299.0
10055,1435993360686,257.0
10056,1435993360706,257.0
10057,1435993360724,247.0
10058,1435993360747,261.0
10059,1435993360768,261.0
10060,1435993360787,286.0
10061,1435993360805,286.0
10062,1435993360828,327.0
10063,1435993360847,327.0
10064,1435993360867,415.0
10065,1435993360888,415.0
10066,1435993360907,564.0
10067,1435993360926,564.0
10068,1435993360947,756.0
10069,1435993360968,964.0
10070,1435993360986,964.0
10071,1435993361006,1175.0
10072,1435993361026,1175.0
10073,1435993361061,1312.0
10074,1435993361065,1312.0
10075,1435993361083,1372.0
10076,1435993361103,1372.0
10077,1435993361126,1355.0
10078,1435993361144,1355.0
10079,1435993361164,1336.0
10080,1435993361191,1333.0
10081,1435993361271,1333.0
10082,1435993361272,1282.0
10083,1435993361273,1282.0
10084,1435993361274,1241.0
10085,1435993361291,1241.0
10086,1435993361307,1190.0
10087,1435993361328,1190.0
10088,1435993361344,1084.0
10089,1435993361366,1084.0
10090,1435993361384,936.0
10091,1435993361408,730.0
10092,1435993361429,730.0
10093,1435993361447,609.0
10094,1435993361467,609.0
10095,1435993361492,622.0
10096,1435993361506,622.0
10097,1435993361525,639.0
10098,1435993361547,639.0
10099,1435993361565,630.0
10100,1435993361585,630.0
10101,1435993361613,618.0
10102,1435993361627,593.0
10103,1435993361649,593.0
10104,1435993361670,558.0
10105,1435993361688,558.0
10106,1435993361707,509.0
10107,1435993361728,509.0
10108,1435993361748,445.0
10109,1435993361768,445.0
10110,1435993361788,375.0
10111,1435993361807,375.0
10112,1435993361827,317.0
10113,1435993361848,301.0
10114,1435993361874,301.0
10115,1435993361918,303.0
10116,1435993361919,303.0
10117,1435993361930,324.0
10118,1435993361950,324.0
10119,1435993361964,364.0
10120,1435993361985,364.0
10121,1435993362004,448.0
10122,1435993362024,448.0
10123,1435993362043,596.0
10124,1435993362063,777.0
10125,1435993362086,777.0
10126,1435993362108,960.0
10127,1435993362128,960.0
10128,1435993362148,2009.0
10129,1435993362168,2009.0
10130,1435993362186,6159.0
10131,1435993362208,6159.0
10132,1435993362228,2156.0
10133,1435993362256,2156.0
10134,1435993362268,1587.0
10135,1435993362287,1790.0
10136,1435993362308,1790.0
10137,1435993362330,1869.0
10138,1435993362349,1869.0
10139,1435993362367,1474.0
10140,1435993362388,1474.0
10141,1435993362408,1509.0
10142,1435993362428,1509.0
10143,1435993362449,1457.0
10144,1435993362469,1457.0
10145,1435993362495,1281.0
10146,1435993362515,1028.0
10147,1435993362546,1028.0
10148,1435993362547,753.0
10149,1435993362565,753.0
10150,1435993362584,1459.0
10151,1435993362604,1459.0
10152,1435993362631,3142.0
10153,1435993362648,3142.0
10154,1435993362666,1471.0
10155,1435993362690,1471.0
10156,1435993362708,823.0
10157,1435993362729,766.0
10158,1435993362750,766.0
10159,1435993362770,717.0
10160,1435993362789,717.0
10161,1435993362809,659.0
10162,1435993362829,659.0
10163,1435993362849,594.0
10164,1435993362870,594.0
10165,1435993362888,520.0
10166,1435993362910,520.0
10167,1435993362930,440.0
10168,1435993362949,386.0
10169,1435993362969,386.0
10170,1435993362990,411.0
10171,1435993363008,411.0
10172,1435993363028,454.0
10173,1435993363048,454.0
10174,1435993363066,498.0
10175,1435993363086,498.0
10176,1435993363110,552.0
10177,1435993363128,552.0
10178,1435993363158,684.0
10179,1435993363200,921.0
10180,1435993363201,921.0
10181,1435993363217,1069.0
10182,1435993363239,1069.0
10183,1435993363247,4120.0
10184,1435993363265,4120.0
10185,1435993363286,20983.0
10186,1435993363306,20983.0
10187,1435993363327,33328.0
10188,1435993363350,33328.0
10189,1435993363369,25761.0
10190,1435993363389,25761.0
10191,1435993363410,1697.0
10192,1435993363429,1495.0
10193,1435993363449,1495.0
10194,1435993363472,1420.0
10195,1435993363488,1420.0
10196,1435993363507,1478.0
10197,1435993363527,1478.0
10198,1435993363548,1582.0
10199,1435993363567,1582.0
10200,1435993363587,1219.0
10201,1435993363609,1219.0
10202,1435993363631,810.0
10203,1435993363650,648.0
10204,1435993363669,648.0
10205,1435993363689,2177.0
10206,1435993363711,2177.0
10207,1435993363730,4943.0
10208,1435993363750,4943.0
10209,1435993363770,1575.0
10210,1435993363788,1575.0
10211,1435993363815,1011.0
10212,1435993363874,1011.0
10213,1435993363875,807.0
10214,1435993363876,703.0
10215,1435993363889,703.0
10216,1435993363907,668.0
10217,1435993363927,668.0
10218,1435993363948,621.0
10219,1435993363970,621.0
10220,1435993363990,561.0
10221,1435993364008,561.0
10222,1435993364027,493.0
10223,1435993364047,493.0
10224,1435993364068,444.0
10225,1435993364087,425.0
10226,1435993364110,425.0
10227,1435993364130,428.0
10228,1435993364147,428.0
10229,1435993364169,456.0
10230,1435993364192,456.0
10231,1435993364216,500.0
10232,1435993364242,500.0
10233,1435993364247,554.0
10234,1435993364269,554.0
10235,1435993364287,619.0
10236,1435993364310,696.0
10237,1435993364330,696.0
10238,1435993364348,718.0
10239,1435993364369,718.0
10240,1435993364394,956.0
10241,1435993364416,956.0
10242,1435993364428,1594.0
10243,1435993364448,1594.0
10244,1435993364468,1768.0
10245,1435993364522,1768.0
10246,1435993364523,1210.0
10247,1435993364526,1204.0
10248,1435993364547,1204.0
10249,1435993364566,1214.0
10250,1435993364586,1214.0
10251,1435993364607,1135.0
10252,1435993364631,1135.0
10253,1435993364651,1131.0
10254,1435993364672,1131.0
10255,1435993364691,1095.0
10256,1435993364709,1095.0
10257,1435993364730,884.0
10258,1435993364751,679.0
10259,1435993364771,679.0
10260,1435993364791,587.0
10261,1435993364811,587.0
10262,1435993364828,10050.0
10263,1435993364854,10050.0
10264,1435993364869,8748.0
10265,1435993364890,8748.0
10266,1435993364911,1781.0
10267,1435993364930,1781.0
10268,1435993364951,1046.0
10269,1435993364977,726.0
10270,1435993364990,726.0
10271,1435993365016,629.0
10272,1435993365033,629.0
10273,1435993365049,573.0
10274,1435993365068,573.0
10275,1435993365129,545.0
10276,1435993365130,545.0
10277,1435993365131,515.0
10278,1435993365149,515.0
10279,1435993365167,483.0
10280,1435993365188,469.0
10281,1435993365209,469.0
10282,1435993365229,479.0
10283,1435993365248,479.0
10284,1435993365271,487.0
10285,1435993365288,487.0
10286,1435993365310,480.0
10287,1435993365332,480.0
10288,1435993365349,465.0
10289,1435993365371,465.0
10290,1435993365392,452.0
10291,1435993365409,469.0
10292,1435993365430,469.0
10293,1435993365452,522.0
10294,1435993365475,522.0
10295,1435993365490,621.0
10296,1435993365530,621.0
10297,1435993365531,813.0
10298,1435993365549,813.0
10299,1435993365568,1072.0
10300,1435993365587,1072.0
10301,1435993365609,1161.0
10302,1435993365630,1547.0
10303,1435993365652,1547.0
10304,1435993365669,1071.0
10305,1435993365690,1071.0
10306,1435993365709,1070.0
10307,1435993365735,1070.0
10308,1435993365809,973.0
10309,1435993365810,973.0
10310,1435993365811,975.0
10311,1435993365812,975.0
10312,1435993365830,1026.0
10313,1435993365847,1026.0
10314,1435993365869,821.0
10315,1435993365892,560.0
10316,1435993365909,560.0
10317,1435993365934,492.0
10318,1435993365952,492.0
10319,1435993365970,591.0
10320,1435993365992,591.0
10321,1435993366013,620.0
10322,1435993366029,620.0
10323,1435993366051,564.0
10324,1435993366069,564.0
10325,1435993366089,524.0
10326,1435993366111,495.0
10327,1435993366130,495.0
10328,1435993366151,472.0
10329,1435993366175,472.0
10330,1435993366192,453.0
10331,1435993366209,453.0
10332,1435993366232,410.0
10333,1435993366262,410.0
10334,1435993366269,378.0
10335,1435993366289,378.0
10336,1435993366309,355.0
10337,1435993366331,358.0
10338,1435993366351,358.0
10339,1435993366370,384.0
10340,1435993366392,384.0
10341,1435993366419,408.0
10342,1435993366467,408.0
10343,1435993366468,429.0
10344,1435993366469,429.0
10345,1435993366489,436.0
10346,1435993366508,436.0
10347,1435993366529,434.0
10348,1435993366548,455.0
10349,1435993366569,455.0
10350,1435993366589,558.0
10351,1435993366611,558.0
10352,1435993366634,4861.0
10353,1435993366653,4861.0
10354,1435993366672,18485.0
10355,1435993366693,18485.0
10356,1435993366713,12890.0
10357,1435993366733,12890.0
10358,1435993366753,2460.0
10359,1435993366774,2645.0
10360,1435993366791,2645.0
10361,1435993366810,12732.0
10362,1435993366836,12732.0
10363,1435993366856,2315.0
10364,1435993366875,2315.0
10365,1435993366894,1022.0
10366,1435993366910,1022.0
10367,1435993366930,836.0
10368,1435993366952,836.0
10369,1435993366976,719.0
10370,1435993366990,561.0
10371,1435993367024,561.0
10372,1435993367030,472.0
10373,1435993367098,472.0
10374,1435993367099,462.0
10375,1435993367100,462.0
10376,1435993367118,514.0
10377,1435993367131,514.0
10378,1435993367151,474.0
10379,1435993367170,474.0
10380,1435993367192,448.0
10381,1435993367212,420.0
10382,1435993367233,420.0
10383,1435993367255,388.0
10384,1435993367272,388.0
10385,1435993367293,365.0
10386,1435993367314,365.0
10387,1435993367333,342.0
10388,1435993367354,342.0
10389,1435993367374,317.0
10390,1435993367393,317.0
10391,1435993367412,293.0
10392,1435993367433,276.0
10393,1435993367454,276.0
10394,1435993367473,270.0
10395,1435993367492,270.0
10396,1435993367513,267.0
10397,1435993367530,267.0
10398,1435993367551,268.0
10399,1435993367570,268.0
10400,1435993367590,272.0
10401,1435993367611,272.0
10402,1435993367631,287.0
10403,1435993367651,322.0
10404,1435993367672,322.0
10405,1435993367692,375.0
10406,1435993367715,375.0
10407,1435993367758,462.0
10408,1435993367759,462.0
10409,1435993367769,662.0
10410,1435993367790,662.0
10411,1435993367810,844.0
10412,1435993367832,844.0
10413,1435993367855,950.0
10414,1435993367874,975.0
10415,1435993367891,975.0
10416,1435993367912,901.0
10417,1435993367934,901.0
10418,1435993367954,897.0
10419,1435993367972,897.0
10420,1435993367995,853.0
10421,1435993368012,853.0
10422,1435993368032,818.0
10423,1435993368051,818.0
10424,1435993368071,794.0
10425,1435993368092,620.0
10426,1435993368114,620.0
10427,1435993368134,481.0
10428,1435993368156,481.0
10429,1435993368174,399.0
10430,1435993368196,399.0
10431,1435993368216,425.0
10432,1435993368241,425.0
10433,1435993368256,524.0
10434,1435993368278,524.0
10435,1435993368293,492.0
10436,1435993368315,435.0
10437,1435993368335,435.0
10438,1435993368355,405.0
10439,1435993368380,405.0
10440,1435993368438,376.0
10441,1435993368439,376.0
10442,1435993368440,354.0
10443,1435993368455,354.0
10444,1435993368470,333.0
10445,1435993368492,333.0
10446,1435993368511,312.0
10447,1435993368530,312.0
10448,1435993368550,286.0
10449,1435993368571,259.0
10450,1435993368592,259.0
10451,1435993368614,247.0
10452,1435993368633,247.0
10453,1435993368654,243.0
10454,1435993368674,243.0
10455,1435993368695,241.0
10456,1435993368714,241.0
10457,1435993368734,247.0
10458,1435993368756,247.0
10459,1435993368774,259.0
10460,1435993368794,276.0
10461,1435993368815,276.0
10462,1435993368835,308.0
10463,1435993368855,308.0
10464,1435993368874,356.0
10465,1435993368894,356.0
10466,1435993368914,438.0
10467,1435993368935,438.0
10468,1435993368955,585.0
10469,1435993368974,585.0
10470,1435993368994,723.0
10471,1435993369025,861.0
10472,1435993369062,861.0
10473,1435993369063,977.0
10474,1435993369075,977.0
10475,1435993369090,1238.0
10476,1435993369116,1238.0
10477,1435993369135,981.0
10478,1435993369151,981.0
10479,1435993369174,874.0
10480,1435993369196,874.0
10481,1435993369215,812.0
10482,1435993369233,731.0
10483,1435993369255,731.0
10484,1435993369272,574.0
10485,1435993369294,574.0
10486,1435993369315,445.0
10487,1435993369335,445.0
10488,1435993369357,394.0
10489,1435993369375,394.0
10490,1435993369395,406.0
10491,1435993369418,406.0
10492,1435993369433,490.0
10493,1435993369453,442.0
10494,1435993369475,442.0
10495,1435993369491,404.0
10496,1435993369512,404.0
10497,1435993369534,376.0
10498,1435993369552,376.0
10499,1435993369572,355.0
10500,1435993369596,355.0
10501,1435993369614,334.0
10502,1435993369635,334.0
10503,1435993369654,316.0
10504,1435993369737,304.0
10505,1435993369738,304.0
10506,1435993369739,299.0
10507,1435993369740,299.0
10508,1435993369757,303.0
10509,1435993369773,303.0
10510,1435993369793,310.0
10511,1435993369815,310.0
10512,1435993369837,308.0
10513,1435993369854,308.0
10514,1435993369874,300.0
10515,1435993369896,292.0
10516,1435993369917,292.0
10517,1435993369934,284.0
10518,1435993369956,284.0
10519,1435993369976,294.0
10520,1435993370001,294.0
10521,1435993370016,335.0
10522,1435993370033,335.0
10523,1435993370053,406.0
10524,1435993370077,406.0
10525,1435993370094,1417.0
10526,1435993370116,9700.0
10527,1435993370139,9700.0
10528,1435993370156,13916.0
10529,1435993370176,13916.0
10530,1435993370198,12766.0
10531,1435993370216,12766.0
10532,1435993370241,1965.0
10533,1435993370256,1965.0
10534,1435993370273,872.0
10535,1435993370294,872.0
10536,1435993370315,749.0
10537,1435993370343,652.0
10538,1435993370385,652.0
10539,1435993370403,559.0
10540,1435993370404,559.0
10541,1435993370420,506.0
10542,1435993370434,506.0
10543,1435993370457,410.0
10544,1435993370477,410.0
10545,1435993370499,340.0
10546,1435993370513,340.0
10547,1435993370534,320.0
10548,1435993370553,410.0
10549,1435993370572,410.0
10550,1435993370592,386.0
10551,1435993370616,386.0
10552,1435993370636,348.0
10553,1435993370656,348.0
10554,1435993370679,321.0
10555,1435993370696,321.0
10556,1435993370716,315.0
10557,1435993370738,315.0
10558,1435993370757,289.0
10559,1435993370776,264.0
10560,1435993370797,264.0
10561,1435993370817,246.0
10562,1435993370836,246.0
10563,1435993370857,230.0
10564,1435993370876,230.0
10565,1435993370896,216.0
10566,1435993370917,216.0
10567,1435993370937,207.0
10568,1435993370957,207.0
10569,1435993370977,203.0
10570,1435993371005,204.0
10571,1435993371026,204.0
10572,1435993371056,214.0
10573,1435993371057,214.0
10574,1435993371072,225.0
10575,1435993371094,225.0
10576,1435993371113,238.0
10577,1435993371137,238.0
10578,1435993371154,266.0
10579,1435993371174,266.0
10580,1435993371199,306.0
10581,1435993371217,306.0
10582,1435993371237,369.0
10583,1435993371260,487.0
10584,1435993371277,487.0
10585,1435993371296,575.0
10586,1435993371316,575.0
10587,1435993371338,609.0
10588,1435993371357,609.0
10589,1435993371378,557.0
10590,1435993371397,557.0
10591,1435993371417,554.0
10592,1435993371436,554.0
10593,1435993371463,526.0
10594,1435993371474,482.0
10595,1435993371493,482.0
10596,1435993371514,460.0
10597,1435993371534,460.0
10598,1435993371553,405.0
10599,1435993371574,405.0
10600,1435993371594,336.0
10601,1435993371616,336.0
10602,1435993371636,300.0
10603,1435993371660,300.0
10604,1435993371699,317.0
10605,1435993371700,339.0
10606,1435993371714,339.0
10607,1435993371735,319.0
10608,1435993371758,319.0
10609,1435993371775,297.0
10610,1435993371795,297.0
10611,1435993371816,277.0
10612,1435993371838,277.0
10613,1435993371858,260.0
10614,1435993371880,260.0
10615,1435993371899,243.0
10616,1435993371918,226.0
10617,1435993371938,226.0
10618,1435993371958,210.0
10619,1435993371978,210.0
10620,1435993371998,197.0
10621,1435993372015,197.0
10622,1435993372039,185.0
10623,1435993372055,185.0
10624,1435993372075,179.0
10625,1435993372096,179.0
10626,1435993372122,178.0
10627,1435993372138,179.0
10628,1435993372155,179.0
10629,1435993372176,182.0
10630,1435993372199,182.0
10631,1435993372217,190.0
10632,1435993372247,190.0
10633,1435993372257,218.0
10634,1435993372279,218.0
10635,1435993372332,261.0
10636,1435993372333,261.0
10637,1435993372343,309.0
10638,1435993372362,362.0
10639,1435993372374,362.0
10640,1435993372395,425.0
10641,1435993372416,425.0
10642,1435993372437,501.0
10643,1435993372456,501.0
10644,1435993372479,494.0
10645,1435993372498,494.0
10646,1435993372515,485.0
10647,1435993372538,485.0
10648,1435993372555,486.0
10649,1435993372575,447.0
10650,1435993372596,447.0
10651,1435993372619,429.0
10652,1435993372638,429.0
10653,1435993372657,429.0
10654,1435993372676,429.0
10655,1435993372697,377.0
10656,1435993372719,377.0
10657,1435993372738,324.0
10658,1435993372756,324.0
10659,1435993372780,290.0
10660,1435993372800,288.0
10661,1435993372820,288.0
10662,1435993372841,301.0
10663,1435993372858,301.0
10664,1435993372878,286.0
10665,1435993372897,286.0
10666,1435993372918,287.0
10667,1435993372937,287.0
10668,1435993373020,259.0
10669,1435993373021,259.0
10670,1435993373022,232.0
10671,1435993373023,217.0
10672,1435993373035,217.0
10673,1435993373054,198.0
10674,1435993373075,198.0
10675,1435993373094,180.0
10676,1435993373118,180.0
10677,1435993373140,162.0
10678,1435993373159,162.0
10679,1435993373179,148.0
10680,1435993373198,148.0
10681,1435993373217,139.0
10682,1435993373239,135.0
10683,1435993373257,135.0
10684,1435993373279,137.0
10685,1435993373296,137.0
10686,1435993373321,144.0
10687,1435993373336,144.0
10688,1435993373359,155.0
10689,1435993373379,155.0
10690,1435993373398,183.0
10691,1435993373420,183.0
10692,1435993373440,236.0
10693,1435993373459,297.0
10694,1435993373479,297.0
10695,1435993373498,352.0
10696,1435993373523,352.0
10697,1435993373538,399.0
10698,1435993373558,399.0
10699,1435993373576,431.0
10700,1435993373642,431.0
10701,1435993373643,430.0
10702,1435993373644,430.0
10703,1435993373660,414.0
10704,1435993373677,418.0
10705,1435993373697,418.0
10706,1435993373718,406.0
10707,1435993373738,406.0
10708,1435993373756,392.0
10709,1435993373777,392.0
10710,1435993373800,381.0
10711,1435993373819,381.0
10712,1435993373839,353.0
10713,1435993373860,353.0
10714,1435993373879,320.0
10715,1435993373899,320.0
10716,1435993373919,288.0
10717,1435993373939,276.0
10718,1435993373959,276.0
10719,1435993373982,277.0
10720,1435993374003,277.0
10721,1435993374024,268.0
10722,1435993374041,268.0
10723,1435993374057,257.0
10724,1435993374077,257.0
10725,1435993374099,243.0
10726,1435993374117,243.0
10727,1435993374137,228.0
10728,1435993374160,212.0
10729,1435993374184,212.0
10730,1435993374204,195.0
10731,1435993374229,195.0
10732,1435993374337,174.0
10733,1435993374338,174.0
10734,1435993374339,156.0
10735,1435993374340,156.0
10736,1435993374341,142.0
10737,1435993374342,142.0
10738,1435993374382,129.0
10739,1435993374383,122.0
10740,1435993374399,122.0
10741,1435993374418,119.0
10742,1435993374436,119.0
10743,1435993374457,122.0
10744,1435993374475,122.0
10745,1435993374496,127.0
10746,1435993374517,127.0
10747,1435993374536,142.0
10748,1435993374556,142.0
10749,1435993374577,181.0
10750,1435993374597,244.0
10751,1435993374616,244.0
10752,1435993374638,309.0
10753,1435993374657,309.0
10754,1435993374677,370.0
10755,1435993374698,370.0
10756,1435993374716,422.0
10757,1435993374736,422.0
10758,1435993374757,448.0
10759,1435993374776,448.0
10760,1435993374797,440.0
10761,1435993374817,437.0
10762,1435993374837,437.0
10763,1435993374857,432.0
10764,1435993374878,432.0
10765,1435993374898,417.0
10766,1435993374918,417.0
10767,1435993374938,407.0
10768,1435993374956,407.0
10769,1435993374977,385.0
10770,1435993374999,385.0
10771,1435993375018,357.0
10772,1435993375039,325.0
10773,1435993375061,325.0
10774,1435993375080,282.0
10775,1435993375099,282.0
10776,1435993375120,281.0
10777,1435993375139,281.0
10778,1435993375160,285.0
10779,1435993375184,285.0
10780,1435993375199,268.0
10781,1435993375220,268.0
10782,1435993375243,252.0
10783,1435993375265,236.0
10784,1435993375278,236.0
10785,1435993375303,220.0
10786,1435993375318,220.0
10787,1435993375338,201.0
10788,1435993375360,201.0
10789,1435993375378,178.0
10790,1435993375398,178.0
10791,1435993375419,157.0
10792,1435993375445,157.0
10793,1435993375463,137.0
10794,1435993375482,119.0
10795,1435993375499,119.0
10796,1435993375523,109.0
10797,1435993375568,109.0
10798,1435993375569,109.0
10799,1435993375579,109.0
10800,1435993375602,112.0
10801,1435993375618,112.0
10802,1435993375639,118.0
10803,1435993375659,118.0
10804,1435993375678,134.0
10805,1435993375698,181.0
10806,1435993375723,181.0
10807,1435993375740,250.0
10808,1435993375758,250.0
10809,1435993375780,316.0
10810,1435993375798,316.0
10811,1435993375818,375.0
10812,1435993375839,375.0
10813,1435993375861,423.0
10814,1435993375881,423.0
10815,1435993375902,454.0
10816,1435993375925,453.0
10817,1435993375942,453.0
10818,1435993375965,449.0
10819,1435993375979,449.0
10820,1435993376004,448.0
10821,1435993376022,448.0
10822,1435993376039,430.0
10823,1435993376059,430.0
10824,1435993376080,418.0
10825,1435993376100,418.0
10826,1435993376190,409.0
10827,1435993376191,387.0
10828,1435993376192,387.0
10829,1435993376193,359.0
10830,1435993376222,359.0
10831,1435993376223,308.0
10832,1435993376237,308.0
10833,1435993376263,268.0
10834,1435993376279,268.0
10835,1435993376297,267.0
10836,1435993376319,267.0
10837,1435993376337,258.0
10838,1435993376357,258.0
10839,1435993376379,241.0
10840,1435993376397,225.0
10841,1435993376417,225.0
10842,1435993376440,209.0
10843,1435993376457,209.0
10844,1435993376477,192.0
10845,1435993376498,192.0
10846,1435993376517,174.0
10847,1435993376537,174.0
10848,1435993376558,153.0
10849,1435993376579,153.0
10850,1435993376602,133.0
10851,1435993376622,115.0
10852,1435993376640,115.0
10853,1435993376662,105.0
10854,1435993376696,105.0
10855,1435993376699,100.0
10856,1435993376722,100.0
10857,1435993376739,101.0
10858,1435993376758,101.0
10859,1435993376778,105.0
10860,1435993376801,105.0
10861,1435993376818,112.0
10862,1435993376838,135.0
10863,1435993376859,135.0
10864,1435993376880,206.0
10865,1435993376899,206.0
10866,1435993376920,290.0
10867,1435993376942,290.0
10868,1435993376960,373.0
10869,1435993376983,373.0
10870,1435993377002,438.0
10871,1435993377022,438.0
10872,1435993377044,476.0
10873,1435993377062,491.0
10874,1435993377082,491.0
10875,1435993377101,481.0
10876,1435993377122,481.0
10877,1435993377142,480.0
10878,1435993377166,480.0
10879,1435993377183,474.0
10880,1435993377200,474.0
10881,1435993377223,460.0
10882,1435993377270,460.0
10883,1435993377271,448.0
10884,1435993377285,431.0
10885,1435993377304,431.0
10886,1435993377319,402.0
10887,1435993377340,402.0
10888,1435993377360,355.0
10889,1435993377383,355.0
10890,1435993377406,299.0
10891,1435993377430,299.0
10892,1435993377485,282.0
10893,1435993377486,282.0
10894,1435993377487,268.0
10895,1435993377507,249.0
10896,1435993377521,249.0
10897,1435993377538,231.0
10898,1435993377559,231.0
10899,1435993377582,214.0
10900,1435993377600,214.0
10901,1435993377621,196.0
10902,1435993377644,196.0
10903,1435993377664,174.0
10904,1435993377685,174.0
10905,1435993377704,147.0
10906,1435993377721,126.0
10907,1435993377746,126.0
10908,1435993377761,108.0
10909,1435993377780,108.0
10910,1435993377801,96.0
10911,1435993377822,96.0
10912,1435993377840,93.0
10913,1435993377866,93.0
10914,1435993377886,95.0
10915,1435993377903,95.0
10916,1435993377921,100.0
10917,1435993377943,109.0
10918,1435993377961,109.0
10919,1435993377981,136.0
10920,1435993378007,136.0
10921,1435993378023,208.0
10922,1435993378043,208.0
10923,1435993378064,300.0
10924,1435993378089,300.0
10925,1435993378146,397.0
10926,1435993378148,397.0
10927,1435993378149,486.0
10928,1435993378167,534.0
10929,1435993378186,534.0
10930,1435993378200,550.0
10931,1435993378220,550.0
10932,1435993378242,548.0
10933,1435993378260,548.0
10934,1435993378280,547.0
10935,1435993378300,547.0
10936,1435993378320,535.0
10937,1435993378340,535.0
10938,1435993378364,514.0
10939,1435993378384,496.0
10940,1435993378405,496.0
10941,1435993378424,477.0
10942,1435993378442,477.0
10943,1435993378462,447.0
10944,1435993378484,447.0
10945,1435993378502,389.0
10946,1435993378524,389.0
10947,1435993378546,307.0
10948,1435993378562,307.0
10949,1435993378582,280.0
10950,1435993378607,276.0
10951,1435993378627,276.0
10952,1435993378646,259.0
10953,1435993378666,259.0
10954,1435993378682,242.0
10955,1435993378701,242.0
10956,1435993378726,224.0
10957,1435993378810,224.0
10958,1435993378811,205.0
10959,1435993378812,205.0
10960,1435993378813,185.0
10961,1435993378823,159.0
10962,1435993378840,159.0
10963,1435993378860,132.0
10964,1435993378880,132.0
10965,1435993378903,110.0
10966,1435993378925,110.0
10967,1435993378945,95.0
10968,1435993378965,95.0
10969,1435993378984,90.0
10970,1435993379008,90.0
10971,1435993379025,92.0
10972,1435993379044,92.0
10973,1435993379065,96.0
10974,1435993379085,101.0
10975,1435993379104,101.0
10976,1435993379125,117.0
10977,1435993379145,117.0
10978,1435993379165,178.0
10979,1435993379190,178.0
10980,1435993379205,297.0
10981,1435993379229,297.0
10982,1435993379276,428.0
10983,1435993379277,428.0
10984,1435993379286,571.0
10985,1435993379300,638.0
10986,1435993379325,638.0
10987,1435993379356,635.0
10988,1435993379375,635.0
10989,1435993379390,638.0
10990,1435993379400,638.0
10991,1435993379420,640.0
10992,1435993379441,640.0
10993,1435993379460,622.0
10994,1435993379481,622.0
10995,1435993379501,600.0
10996,1435993379520,588.0
10997,1435993379540,588.0
10998,1435993379561,568.0
10999,1435993379580,568.0
11000,1435993379601,524.0
11001,1435993379622,524.0
11002,1435993379641,439.0
11003,1435993379661,439.0
11004,1435993379682,354.0
11005,1435993379710,354.0
11006,1435993379729,329.0
11007,1435993379756,309.0
11008,1435993379789,309.0
11009,1435993379790,289.0
11010,1435993379805,289.0
11011,1435993379820,269.0
11012,1435993379842,269.0
11013,1435993379866,255.0
11014,1435993379887,255.0
11015,1435993379903,235.0
11016,1435993379929,235.0
11017,1435993380012,211.0
11018,1435993380013,177.0
11019,1435993380014,177.0
11020,1435993380015,143.0
11021,1435993380037,143.0
11022,1435993380047,119.0
11023,1435993380061,119.0
11024,1435993380085,100.0
11025,1435993380102,100.0
11026,1435993380121,95.0
11027,1435993380141,95.0
11028,1435993380162,99.0
11029,1435993380181,108.0
11030,1435993380201,108.0
11031,1435993380222,117.0
11032,1435993380241,117.0
11033,1435993380261,142.0
11034,1435993380282,142.0
11035,1435993380301,224.0
11036,1435993380321,224.0
11037,1435993380342,356.0
11038,1435993380361,356.0
11039,1435993380399,508.0
11040,1435993380404,667.0
11041,1435993380424,667.0
11042,1435993380445,762.0
11043,1435993380464,762.0
11044,1435993380485,797.0
11045,1435993380503,797.0
11046,1435993380526,788.0
11047,1435993380544,788.0
11048,1435993380563,780.0
11049,1435993380592,780.0
11050,1435993380639,776.0
11051,1435993380640,744.0
11052,1435993380644,744.0
11053,1435993380666,712.0
11054,1435993380686,712.0
11055,1435993380703,686.0
11056,1435993380724,686.0
11057,1435993380747,640.0
11058,1435993380763,640.0
11059,1435993380783,554.0
11060,1435993380807,554.0
11061,1435993380829,425.0
11062,1435993380848,354.0
11063,1435993380864,354.0
11064,1435993380887,333.0
11065,1435993380906,333.0
11066,1435993380926,316.0
11067,1435993380949,316.0
11068,1435993380967,297.0
11069,1435993380987,297.0
11070,1435993381007,275.0
11071,1435993381026,275.0
11072,1435993381047,247.0
11073,1435993381067,214.0
11074,1435993381086,214.0
11075,1435993381106,179.0
11076,1435993381127,179.0
11077,1435993381146,151.0
11078,1435993381167,151.0
11079,1435993381188,129.0
11080,1435993381207,129.0
11081,1435993381227,117.0
11082,1435993381246,117.0
11083,1435993381265,115.0
11084,1435993381285,118.0
11085,1435993381307,118.0
11086,1435993381324,127.0
11087,1435993381343,127.0
11088,1435993381365,137.0
11089,1435993381386,137.0
11090,1435993381409,167.0
11091,1435993381428,167.0
11092,1435993381444,264.0
11093,1435993381464,264.0
11094,1435993381484,403.0
11095,1435993381503,595.0
11096,1435993381524,595.0
11097,1435993381544,837.0
11098,1435993381562,837.0
11099,1435993381583,982.0
11100,1435993381603,982.0
11101,1435993381628,1006.0
11102,1435993381648,1006.0
11103,1435993381669,1018.0
11104,1435993381687,1018.0
11105,1435993381710,1006.0
11106,1435993381730,1006.0
11107,1435993381747,1142.0
11108,1435993381767,912.0
11109,1435993381785,912.0
11110,1435993381814,882.0
11111,1435993381825,882.0
11112,1435993381845,942.0
11113,1435993381863,942.0
11114,1435993381890,729.0
11115,1435993381909,729.0
11116,1435993381928,552.0
11117,1435993381959,552.0
11118,1435993381971,433.0
11119,1435993381984,521.0
11120,1435993382004,521.0
11121,1435993382028,464.0
11122,1435993382045,464.0
11123,1435993382064,383.0
11124,1435993382087,383.0
11125,1435993382108,340.0
11126,1435993382128,340.0
11127,1435993382150,300.0
11128,1435993382168,300.0
11129,1435993382187,264.0
11130,1435993382209,226.0
11131,1435993382228,226.0
11132,1435993382248,186.0
11133,1435993382268,186.0
11134,1435993382288,159.0
11135,1435993382308,159.0
11136,1435993382327,142.0
11137,1435993382348,142.0
11138,1435993382366,134.0
11139,1435993382388,134.0
11140,1435993382405,133.0
11141,1435993382430,138.0
11142,1435993382451,138.0
11143,1435993382471,144.0
11144,1435993382488,144.0
11145,1435993382506,149.0
11146,1435993382526,149.0
11147,1435993382545,173.0
11148,1435993382568,173.0
11149,1435993382585,267.0
11150,1435993382631,267.0
11151,1435993382632,421.0
11152,1435993382643,629.0
11153,1435993382665,629.0
11154,1435993382688,901.0
11155,1435993382705,901.0
11156,1435993382729,1075.0
11157,1435993382746,1075.0
11158,1435993382769,1107.0
11159,1435993382789,1107.0
11160,1435993382810,1069.0
11161,1435993382829,1069.0
11162,1435993382845,1075.0
11163,1435993382869,1012.0
11164,1435993382888,1012.0
11165,1435993382908,921.0
11166,1435993382929,921.0
11167,1435993382948,894.0
11168,1435993382967,894.0
11169,1435993382989,846.0
11170,1435993383008,846.0
11171,1435993383028,690.0
11172,1435993383050,690.0
11173,1435993383067,525.0
11174,1435993383090,410.0
11175,1435993383111,410.0
11176,1435993383131,402.0
11177,1435993383148,402.0
11178,1435993383171,389.0
11179,1435993383187,389.0
11180,1435993383208,377.0
11181,1435993383239,377.0
11182,1435993383289,346.0
11183,1435993383290,346.0
11184,1435993383291,309.0
11185,1435993383305,272.0
11186,1435993383326,272.0
11187,1435993383348,233.0
11188,1435993383366,233.0
11189,1435993383385,194.0
11190,1435993383406,194.0
11191,1435993383429,165.0
11192,1435993383449,165.0
11193,1435993383469,147.0
11194,1435993383489,147.0
11195,1435993383506,144.0
11196,1435993383529,151.0
11197,1435993383549,151.0
11198,1435993383569,166.0
11199,1435993383589,166.0
11200,1435993383610,178.0
11201,1435993383631,178.0
11202,1435993383650,192.0
11203,1435993383669,192.0
11204,1435993383686,223.0
11205,1435993383708,223.0
11206,1435993383726,328.0
11207,1435993383751,476.0
11208,1435993383772,476.0
11209,1435993383792,683.0
11210,1435993383809,683.0
11211,1435993383827,964.0
11212,1435993383846,964.0
11213,1435993383867,1118.0
11214,1435993383888,1118.0
11215,1435993383944,1110.0
11216,1435993383945,1110.0
11217,1435993383947,1080.0
11218,1435993383966,1139.0
11219,1435993383985,1139.0
11220,1435993384008,1056.0
11221,1435993384026,1056.0
11222,1435993384046,1082.0
11223,1435993384067,1082.0
11224,1435993384090,1115.0
11225,1435993384110,1115.0
11226,1435993384130,831.0
11227,1435993384150,831.0
11228,1435993384167,583.0
11229,1435993384190,461.0
11230,1435993384210,461.0
11231,1435993384229,633.0
11232,1435993384251,633.0
11233,1435993384269,600.0
11234,1435993384288,600.0
11235,1435993384312,487.0
11236,1435993384330,487.0
11237,1435993384349,413.0
11238,1435993384370,413.0
11239,1435993384388,358.0
11240,1435993384411,358.0
11241,1435993384431,310.0
11242,1435993384453,266.0
11243,1435993384470,266.0
11244,1435993384490,222.0
11245,1435993384507,222.0
11246,1435993384528,189.0
11247,1435993384548,189.0
11248,1435993384575,174.0
11249,1435993384611,174.0
11250,1435993384612,173.0
11251,1435993384625,173.0
11252,1435993384646,181.0
11253,1435993384668,196.0
11254,1435993384687,196.0
11255,1435993384711,215.0
11256,1435993384729,215.0
11257,1435993384750,226.0
11258,1435993384770,226.0
11259,1435993384792,240.0
11260,1435993384810,240.0
11261,1435993384828,322.0
11262,1435993384851,322.0
11263,1435993384870,491.0
11264,1435993384890,719.0
11265,1435993384911,719.0
11266,1435993384930,1106.0
11267,1435993384954,1106.0
11268,1435993384971,1576.0
11269,1435993384990,1576.0
11270,1435993385010,1634.0
11271,1435993385031,1634.0
11272,1435993385050,1541.0
11273,1435993385069,1541.0
11274,1435993385089,1296.0
11275,1435993385109,1119.0
11276,1435993385130,1119.0
11277,1435993385151,1015.0
11278,1435993385170,1015.0
11279,1435993385189,974.0
11280,1435993385214,974.0
11281,1435993385260,882.0
11282,1435993385261,882.0
11283,1435993385267,689.0
11284,1435993385288,689.0
11285,1435993385306,543.0
11286,1435993385327,468.0
11287,1435993385346,468.0
11288,1435993385368,487.0
11289,1435993385390,487.0
11290,1435993385408,474.0
11291,1435993385438,474.0
11292,1435993385454,444.0
11293,1435993385470,444.0
11294,1435993385491,414.0
11295,1435993385525,414.0
11296,1435993385549,380.0
11297,1435993385550,341.0
11298,1435993385569,341.0
11299,1435993385586,298.0
11300,1435993385606,298.0
11301,1435993385627,254.0
11302,1435993385646,254.0
11303,1435993385667,220.0
11304,1435993385687,220.0
11305,1435993385707,199.0
11306,1435993385728,199.0
11307,1435993385749,194.0
11308,1435993385774,198.0
11309,1435993385790,198.0
11310,1435993385810,206.0
11311,1435993385829,206.0
11312,1435993385853,217.0
11313,1435993385920,217.0
11314,1435993385921,228.0
11315,1435993385922,228.0
11316,1435993385929,260.0
11317,1435993385951,260.0
11318,1435993385967,363.0
11319,1435993385988,525.0
11320,1435993386012,525.0
11321,1435993386028,678.0
11322,1435993386050,678.0
11323,1435993386071,937.0
11324,1435993386091,937.0
11325,1435993386110,1147.0
11326,1435993386130,1147.0
11327,1435993386154,1224.0
11328,1435993386169,1224.0
11329,1435993386188,1208.0
11330,1435993386208,1218.0
11331,1435993386229,1218.0
11332,1435993386250,1219.0
11333,1435993386270,1219.0
11334,1435993386290,1119.0
11335,1435993386311,1119.0
11336,1435993386329,1064.0
11337,1435993386350,1064.0
11338,1435993386370,1002.0
11339,1435993386389,1002.0
11340,1435993386411,811.0
11341,1435993386431,633.0
11342,1435993386450,633.0
11343,1435993386477,521.0
11344,1435993386489,521.0
11345,1435993386511,574.0
11346,1435993386539,574.0
11347,1435993386582,584.0
11348,1435993386583,584.0
11349,1435993386596,530.0
11350,1435993386610,530.0
11351,1435993386627,481.0
11352,1435993386650,436.0
11353,1435993386668,436.0
11354,1435993386688,389.0
11355,1435993386710,389.0
11356,1435993386728,342.0
11357,1435993386750,342.0
11358,1435993386773,296.0
11359,1435993386790,296.0
11360,1435993386810,257.0
11361,1435993386833,257.0
11362,1435993386850,225.0
11363,1435993386872,199.0
11364,1435993386894,199.0
11365,1435993386912,189.0
11366,1435993386930,189.0
11367,1435993386963,190.0
11368,1435993386971,190.0
11369,1435993386989,200.0
11370,1435993387009,200.0
11371,1435993387029,211.0
11372,1435993387050,211.0
11373,1435993387069,232.0
11374,1435993387090,232.0
11375,1435993387111,302.0
11376,1435993387135,445.0
11377,1435993387156,445.0
11378,1435993387170,589.0
11379,1435993387255,589.0
11380,1435993387256,755.0
11381,1435993387257,755.0
11382,1435993387258,989.0
11383,1435993387269,989.0
11384,1435993387288,1138.0
11385,1435993387309,1138.0
11386,1435993387332,1125.0
11387,1435993387349,1079.0
11388,1435993387371,1079.0
11389,1435993387394,1083.0
11390,1435993387411,1083.0
11391,1435993387433,1010.0
11392,1435993387450,1010.0
11393,1435993387472,936.0
11394,1435993387494,936.0
11395,1435993387511,891.0
11396,1435993387532,891.0
11397,1435993387554,795.0
11398,1435993387572,666.0
11399,1435993387591,666.0
11400,1435993387613,553.0
11401,1435993387639,553.0
11402,1435993387651,487.0
11403,1435993387671,487.0
11404,1435993387690,459.0
11405,1435993387710,459.0
11406,1435993387732,438.0
11407,1435993387765,438.0
11408,1435993387772,416.0
11409,1435993387794,390.0
11410,1435993387811,390.0
11411,1435993387831,353.0
11412,1435993387857,353.0
11413,1435993387910,308.0
11414,1435993387911,308.0
11415,1435993387912,262.0
11416,1435993387930,262.0
11417,1435993387948,221.0
11418,1435993387970,221.0
11419,1435993387991,192.0
11420,1435993388012,171.0
11421,1435993388031,171.0
11422,1435993388054,163.0
11423,1435993388074,163.0
11424,1435993388094,168.0
11425,1435993388110,168.0
11426,1435993388136,184.0
11427,1435993388151,184.0
11428,1435993388171,206.0
11429,1435993388192,206.0
11430,1435993388214,228.0
11431,1435993388231,272.0
11432,1435993388255,272.0
11433,1435993388272,389.0
11434,1435993388293,389.0
11435,1435993388311,559.0
11436,1435993388331,559.0
11437,1435993388351,720.0
11438,1435993388375,720.0
11439,1435993388398,877.0
11440,1435993388415,877.0
11441,1435993388433,1025.0
11442,1435993388451,1101.0
11443,1435993388471,1101.0
11444,1435993388493,1056.0
11445,1435993388521,1056.0
11446,1435993388590,1044.0
11447,1435993388591,1044.0
11448,1435993388592,1271.0
11449,1435993388593,1271.0
11450,1435993388609,1224.0
11451,1435993388630,1224.0
11452,1435993388650,1029.0
11453,1435993388669,976.0
11454,1435993388691,976.0
11455,1435993388710,884.0
11456,1435993388735,884.0
11457,1435993388756,767.0
11458,1435993388777,767.0
11459,1435993388795,646.0
11460,1435993388816,646.0
11461,1435993388834,523.0
11462,1435993388855,523.0
11463,1435993388876,488.0
11464,1435993388896,502.0
11465,1435993388912,502.0
11466,1435993388936,510.0
11467,1435993388957,510.0
11468,1435993388976,495.0
11469,1435993388996,495.0
11470,1435993389013,458.0
11471,1435993389032,458.0
11472,1435993389056,408.0
11473,1435993389072,408.0
11474,1435993389096,354.0
11475,1435993389119,303.0
11476,1435993389139,303.0
11477,1435993389153,266.0
11478,1435993389175,266.0
11479,1435993389214,238.0
11480,1435993389215,238.0
11481,1435993389232,219.0
11482,1435993389250,219.0
11483,1435993389273,212.0
11484,1435993389293,212.0
11485,1435993389311,226.0
11486,1435993389332,245.0
11487,1435993389356,245.0
11488,1435993389376,273.0
11489,1435993389396,273.0
11490,1435993389413,336.0
11491,1435993389435,336.0
11492,1435993389455,490.0
11493,1435993389475,490.0
11494,1435993389495,727.0
11495,1435993389512,727.0
11496,1435993389538,953.0
11497,1435993389552,1127.0
11498,1435993389570,1127.0
11499,1435993389593,1401.0
11500,1435993389611,1401.0
11501,1435993389633,1529.0
11502,1435993389651,1529.0
11503,1435993389672,1526.0
11504,1435993389692,1526.0
11505,1435993389712,1407.0
11506,1435993389732,1407.0
11507,1435993389758,1307.0
11508,1435993389774,1307.0
11509,1435993389795,1171.0
11510,1435993389860,1147.0
11511,1435993389861,1147.0
11512,1435993389862,1113.0
11513,1435993389876,1113.0
11514,1435993389893,1008.0
11515,1435993389912,1008.0
11516,1435993389934,861.0
11517,1435993389955,861.0
11518,1435993389972,721.0
11519,1435993389994,721.0
11520,1435993390017,615.0
11521,1435993390035,611.0
11522,1435993390052,611.0
11523,1435993390077,618.0
11524,1435993390095,618.0
11525,1435993390115,599.0
11526,1435993390142,599.0
11527,1435993390156,570.0
11528,1435993390172,570.0
11529,1435993390205,526.0
11530,1435993390214,526.0
11531,1435993390233,474.0
11532,1435993390258,414.0
11533,1435993390281,414.0
11534,1435993390295,357.0
11535,1435993390315,357.0
11536,1435993390335,316.0
11537,1435993390356,316.0
11538,1435993390377,293.0
11539,1435993390436,293.0
11540,1435993390437,285.0
11541,1435993390438,285.0
11542,1435993390459,284.0
11543,1435993390512,288.0
11544,1435993390513,288.0
11545,1435993390514,292.0
11546,1435993390532,292.0
11547,1435993390554,293.0
11548,1435993390573,293.0
11549,1435993390593,307.0
11550,1435993390614,307.0
11551,1435993390632,357.0
11552,1435993390652,357.0
11553,1435993390674,480.0
11554,1435993390693,717.0
11555,1435993390716,717.0
11556,1435993390734,994.0
11557,1435993390756,994.0
11558,1435993390776,1163.0
11559,1435993390796,1163.0
11560,1435993390815,1262.0
11561,1435993390836,1262.0
11562,1435993390856,1296.0
11563,1435993390875,1296.0
11564,1435993390896,1317.0
11565,1435993390916,1289.0
11566,1435993390935,1289.0
11567,1435993390955,1491.0
11568,1435993390979,1491.0
11569,1435993390998,1818.0
11570,1435993391018,1818.0
11571,1435993391037,1824.0
11572,1435993391054,1824.0
11573,1435993391074,1726.0
11574,1435993391097,1726.0
11575,1435993391114,951.0
11576,1435993391176,804.0
11577,1435993391177,804.0
11578,1435993391178,698.0
11579,1435993391194,698.0
11580,1435993391213,801.0
11581,1435993391233,801.0
11582,1435993391254,728.0
11583,1435993391276,728.0
11584,1435993391293,635.0
11585,1435993391313,635.0
11586,1435993391334,574.0
11587,1435993391353,515.0
11588,1435993391398,515.0
11589,1435993391399,456.0
11590,1435993391412,456.0
11591,1435993391432,401.0
11592,1435993391452,401.0
11593,1435993391472,342.0
11594,1435993391492,342.0
11595,1435993391519,289.0
11596,1435993391534,289.0
11597,1435993391556,256.0
11598,1435993391575,237.0
11599,1435993391594,237.0
11600,1435993391614,235.0
11601,1435993391639,235.0
11602,1435993391656,250.0
11603,1435993391677,250.0
11604,1435993391697,274.0
11605,1435993391716,274.0
11606,1435993391735,309.0
11607,1435993391755,309.0
11608,1435993391777,374.0
11609,1435993391794,495.0
11610,1435993391837,495.0
11611,1435993391838,688.0
11612,1435993391853,688.0
11613,1435993391874,954.0
11614,1435993391894,954.0
11615,1435993391916,1261.0
11616,1435993391936,1261.0
11617,1435993391956,1470.0
11618,1435993391975,1470.0
11619,1435993391996,1484.0
11620,1435993392017,1819.0
11621,1435993392037,1819.0
11622,1435993392055,1843.0
11623,1435993392077,1843.0
11624,1435993392097,1709.0
11625,1435993392118,1709.0
11626,1435993392137,1634.0
11627,1435993392157,1634.0
11628,1435993392178,1659.0
11629,1435993392196,1659.0
11630,1435993392223,1668.0
11631,1435993392234,1587.0
11632,1435993392256,1587.0
11633,1435993392273,1201.0
11634,1435993392299,1201.0
11635,1435993392318,942.0
11636,1435993392338,942.0
11637,1435993392360,850.0
11638,1435993392379,850.0
11639,1435993392396,1085.0
11640,1435993392419,1085.0
11641,1435993392437,1612.0
11642,1435993392464,1612.0
11643,1435993392505,1427.0
11644,1435993392506,1083.0
11645,1435993392521,1083.0
11646,1435993392540,877.0
11647,1435993392554,877.0
11648,1435993392576,747.0
11649,1435993392597,747.0
11650,1435993392616,651.0
11651,1435993392635,651.0
11652,1435993392658,586.0
11653,1435993392677,586.0
11654,1435993392695,512.0
11655,1435993392716,442.0
11656,1435993392735,442.0
11657,1435993392756,410.0
11658,1435993392776,410.0
11659,1435993392797,444.0
11660,1435993392818,444.0
11661,1435993392839,523.0
11662,1435993392856,523.0
11663,1435993392878,569.0
11664,1435993392899,569.0
11665,1435993392916,580.0
11666,1435993392936,588.0
11667,1435993392957,588.0
11668,1435993392980,627.0
11669,1435993393000,627.0
11670,1435993393021,735.0
11671,1435993393038,735.0
11672,1435993393056,883.0
11673,1435993393076,883.0
11674,1435993393096,1034.0
11675,1435993393116,1034.0
11676,1435993393179,1442.0
11677,1435993393180,4762.0
11678,1435993393181,4762.0
11679,1435993393194,6192.0
11680,1435993393215,6192.0
11681,1435993393239,2150.0
11682,1435993393256,2150.0
11683,1435993393276,1816.0
11684,1435993393294,1816.0
11685,1435993393316,2114.0
11686,1435993393340,2114.0
11687,1435993393360,2944.0
11688,1435993393380,3146.0
11689,1435993393395,3146.0
11690,1435993393418,6697.0
11691,1435993393439,6697.0
11692,1435993393458,2702.0
11693,1435993393478,2702.0
11694,1435993393499,1649.0
11695,1435993393520,1649.0
11696,1435993393537,1101.0
11697,1435993393559,1101.0
11698,1435993393578,1013.0
11699,1435993393596,978.0
11700,1435993393616,978.0
11701,1435993393637,1327.0
11702,1435993393658,1327.0
11703,1435993393681,1325.0
11704,1435993393699,1325.0
11705,1435993393718,1203.0
11706,1435993393739,1203.0
11707,1435993393758,1052.0
11708,1435993393777,1052.0
11709,1435993393839,956.0
11710,1435993393840,883.0
11711,1435993393841,883.0
11712,1435993393857,837.0
11713,1435993393875,837.0
11714,1435993393897,774.0
11715,1435993393917,774.0
11716,1435993393941,705.0
11717,1435993393955,705.0
11718,1435993393981,649.0
11719,1435993394000,649.0
11720,1435993394020,646.0
11721,1435993394041,703.0
11722,1435993394057,703.0
11723,1435993394079,755.0
11724,1435993394100,755.0
11725,1435993394119,785.0
11726,1435993394139,785.0
11727,1435993394160,784.0
11728,1435993394177,784.0
11729,1435993394199,775.0
11730,1435993394220,775.0
11731,1435993394243,792.0
11732,1435993394256,918.0
11733,1435993394280,918.0
11734,1435993394300,1222.0
11735,1435993394320,1222.0
11736,1435993394340,3681.0
11737,1435993394359,3681.0
11738,1435993394381,26062.0
11739,1435993394398,26062.0
11740,1435993394419,36213.0
11741,1435993394437,36213.0
11742,1435993394496,32478.0
11743,1435993394497,32478.0
11744,1435993394498,36608.0
11745,1435993394517,51830.0
11746,1435993394536,51830.0
11747,1435993394558,0.0
11748,1435993394579,39183.0
11749,1435993394596,39183.0
11750,1435993394616,20344.0
11751,1435993394637,20344.0
11752,1435993394658,20663.0
11753,1435993394679,20663.0
11754,1435993394700,18371.0
11755,1435993394719,18371.0
11756,1435993394740,11657.0
11757,1435993394760,0.0
11758,1435993394780,1159.0
11759,1435993394800,1159.0
11760,1435993394820,1022.0
11761,1435993394838,1022.0
11762,1435993394860,1448.0
11763,1435993394880,1448.0
11764,1435993394900,3452.0
11765,1435993394920,3452.0
11766,1435993394940,2214.0
11767,1435993394960,2214.0
11768,1435993394980,1613.0
11769,1435993395002,1354.0
11770,1435993395019,1354.0
11771,1435993395040,1083.0
11772,1435993395058,1083.0
11773,1435993395079,898.0
11774,1435993395110,898.0
11775,1435993395163,771.0
11776,1435993395164,771.0
11777,1435993395165,672.0
11778,1435993395179,672.0
11779,1435993395197,614.0
11780,1435993395218,593.0
11781,1435993395238,593.0
11782,1435993395258,624.0
11783,1435993395278,624.0
11784,1435993395301,715.0
11785,1435993395320,715.0
11786,1435993395340,844.0
11787,1435993395360,844.0
11788,1435993395377,963.0
11789,1435993395397,963.0
11790,1435993395420,1034.0
11791,1435993395439,1084.0
11792,1435993395508,1084.0
11793,1435993395509,1195.0
11794,1435993395510,1195.0
11795,1435993395516,1518.0
11796,1435993395537,1518.0
11797,1435993395556,3024.0
11798,1435993395577,3024.0
11799,1435993395597,12446.0
11800,1435993395616,12446.0
11801,1435993395637,3306.0
11802,1435993395657,3445.0
11803,1435993395676,3445.0
11804,1435993395696,5744.0
11805,1435993395718,5744.0
11806,1435993395736,6006.0
11807,1435993395756,6006.0
11808,1435993395777,15561.0
11809,1435993395796,15561.0
11810,1435993395816,26480.0
11811,1435993395837,26480.0
11812,1435993395856,44755.0
11813,1435993395876,44741.0
11814,1435993395899,44741.0
11815,1435993395918,12806.0
11816,1435993395938,12806.0
11817,1435993395958,0.0
11818,1435993395978,1024.0
11819,1435993395998,1024.0
11820,1435993396024,1573.0
11821,1435993396040,1573.0
11822,1435993396061,17996.0
11823,1435993396079,17996.0
11824,1435993396101,8189.0
11825,1435993396120,8189.0
11826,1435993396140,2539.0
11827,1435993396159,2539.0
11828,1435993396179,1996.0
11829,1435993396206,1439.0
11830,1435993396221,1439.0
11831,1435993396241,1054.0
11832,1435993396261,1054.0
11833,1435993396280,896.0
11834,1435993396308,896.0
11835,1435993396319,790.0
11836,1435993396373,790.0
11837,1435993396374,696.0
11838,1435993396379,696.0
11839,1435993396398,614.0
11840,1435993396417,591.0
11841,1435993396440,591.0
11842,1435993396459,619.0
11843,1435993396479,619.0
11844,1435993396499,654.0
11845,1435993396521,654.0
11846,1435993396540,637.0
11847,1435993396560,637.0
11848,1435993396580,604.0
11849,1435993396599,604.0
11850,1435993396620,647.0
11851,1435993396641,791.0
11852,1435993396661,791.0
11853,1435993396682,980.0
11854,1435993396701,980.0
11855,1435993396721,1561.0
11856,1435993396742,1561.0
11857,1435993396761,2812.0
11858,1435993396781,2812.0
11859,1435993396801,5821.0
11860,1435993396819,5821.0
11861,1435993396839,2069.0
11862,1435993396859,1860.0
11863,1435993396879,1860.0
11864,1435993396899,1880.0
11865,1435993396920,1880.0
11866,1435993396939,1802.0
11867,1435993396961,1802.0
11868,1435993396989,1737.0
11869,1435993397053,1737.0
11870,1435993397054,1705.0
11871,1435993397055,1705.0
11872,1435993397058,1682.0
11873,1435993397077,1844.0
11874,1435993397099,1844.0
11875,1435993397121,1133.0
11876,1435993397141,1133.0
11877,1435993397161,938.0
11878,1435993397180,938.0
11879,1435993397201,869.0
11880,1435993397221,869.0
11881,1435993397249,1310.0
11882,1435993397261,1310.0
11883,1435993397285,1569.0
11884,1435993397307,1028.0
11885,1435993397346,1028.0
11886,1435993397347,972.0
11887,1435993397357,972.0
11888,1435993397378,853.0
11889,1435993397400,853.0
11890,1435993397422,689.0
11891,1435993397439,689.0
11892,1435993397461,612.0
11893,1435993397483,612.0
11894,1435993397500,538.0
11895,1435993397523,451.0
11896,1435993397539,451.0
11897,1435993397558,375.0
11898,1435993397583,375.0
11899,1435993397601,321.0
11900,1435993397627,321.0
11901,1435993397670,308.0
11902,1435993397671,308.0
11903,1435993397679,321.0
11904,1435993397700,321.0
11905,1435993397718,333.0
11906,1435993397739,348.0
11907,1435993397764,348.0
11908,1435993397782,391.0
11909,1435993397801,391.0
11910,1435993397825,509.0
11911,1435993397840,509.0
11912,1435993397859,710.0
11913,1435993397880,710.0
11914,1435993397900,940.0
11915,1435993397934,940.0
11916,1435993397941,1197.0
11917,1435993397966,1461.0
11918,1435993397978,1461.0
11919,1435993397999,1649.0
11920,1435993398018,1649.0
11921,1435993398038,1718.0
11922,1435993398059,1718.0
11923,1435993398079,1702.0
11924,1435993398099,1702.0
11925,1435993398119,1654.0
11926,1435993398138,1654.0
11927,1435993398159,1613.0
11928,1435993398179,1613.0
11929,1435993398199,1535.0
11930,1435993398218,1478.0
11931,1435993398239,1478.0
11932,1435993398258,1427.0
11933,1435993398278,1427.0
11934,1435993398299,1289.0
11935,1435993398319,1289.0
11936,1435993398338,1141.0
11937,1435993398361,1141.0
11938,1435993398378,1046.0
11939,1435993398399,1046.0
11940,1435993398421,955.0
11941,1435993398439,931.0
11942,1435993398459,931.0
11943,1435993398481,898.0
11944,1435993398499,898.0
11945,1435993398519,834.0
11946,1435993398541,834.0
11947,1435993398559,789.0
11948,1435993398584,789.0
11949,1435993398606,745.0
11950,1435993398624,745.0
11951,1435993398643,697.0
11952,1435993398666,635.0
11953,1435993398683,635.0
11954,1435993398703,559.0
11955,1435993398723,559.0
11956,1435993398744,463.0
11957,1435993398766,463.0
11958,1435993398785,397.0
11959,1435993398802,397.0
11960,1435993398894,372.0
11961,1435993398895,372.0
11962,1435993398896,388.0
11963,1435993398897,422.0
11964,1435993398906,422.0
11965,1435993398919,460.0
11966,1435993398940,460.0
11967,1435993398960,527.0
11968,1435993398982,527.0
11969,1435993399004,662.0
11970,1435993399020,662.0
11971,1435993399041,872.0
11972,1435993399061,872.0
11973,1435993399081,1110.0
11974,1435993399099,1323.0
11975,1435993399119,1323.0
11976,1435993399140,1554.0
11977,1435993399159,1554.0
11978,1435993399183,1757.0
11979,1435993399204,1757.0
11980,1435993399225,1904.0
11981,1435993399245,1904.0
11982,1435993399268,1985.0
11983,1435993399287,1985.0
11984,1435993399301,2020.0
11985,1435993399325,2413.0
11986,1435993399341,2413.0
11987,1435993399361,1943.0
11988,1435993399384,1943.0
11989,1435993399401,1999.0
11990,1435993399421,1999.0
11991,1435993399444,2259.0
11992,1435993399468,2259.0
11993,1435993399536,3237.0
11994,1435993399537,3237.0
11995,1435993399538,2775.0
11996,1435993399540,1608.0
11997,1435993399561,1608.0
11998,1435993399580,1477.0
11999,1435993399600,1477.0
12000,1435993399623,1338.0
12001,1435993399641,1338.0
12002,1435993399664,1235.0
12003,1435993399686,1235.0
12004,1435993399704,1739.0
12005,1435993399722,1739.0
12006,1435993399747,1991.0
12007,1435993399765,1840.0
12008,1435993399784,1840.0
12009,1435993399808,1947.0
12010,1435993399825,1947.0
12011,1435993399847,2116.0
12012,1435993399865,2116.0
12013,1435993399881,1709.0
12014,1435993399901,1709.0
12015,1435993399928,1483.0
12016,1435993399944,1483.0
12017,1435993399962,1523.0
12018,1435993399985,1403.0
12019,1435993400003,1403.0
12020,1435993400027,1315.0
12021,1435993400049,1315.0
12022,1435993400067,1271.0
12023,1435993400085,1271.0
12024,1435993400105,1217.0
12025,1435993400172,1217.0
12026,1435993400173,1158.0
12027,1435993400174,1158.0
12028,1435993400188,1100.0
12029,1435993400202,1022.0
12030,1435993400223,1022.0
12031,1435993400243,914.0
12032,1435993400265,914.0
12033,1435993400283,820.0
12034,1435993400304,820.0
12035,1435993400325,790.0
12036,1435993400351,790.0
12037,1435993400372,822.0
12038,1435993400383,822.0
12039,1435993400423,923.0
12040,1435993400424,1093.0
12041,1435993400440,1093.0
12042,1435993400461,1277.0
12043,1435993400480,1277.0
12044,1435993400502,1409.0
12045,1435993400523,1409.0
12046,1435993400542,1545.0
12047,1435993400565,1545.0
12048,1435993400581,1693.0
12049,1435993400601,1693.0
12050,1435993400621,1820.0
12051,1435993400647,1930.0
12052,1435993400666,1930.0
12053,1435993400687,2072.0
12054,1435993400705,2072.0
12055,1435993400728,2328.0
12056,1435993400745,2328.0
12057,1435993400825,3095.0
12058,1435993400826,3095.0
12059,1435993400827,20629.0
12060,1435993400828,20629.0
12061,1435993400843,37229.0
12062,1435993400864,37229.0
12063,1435993400887,38645.0
12064,1435993400903,57660.0
12065,1435993400924,57660.0
12066,1435993400944,58753.0
12067,1435993400966,58753.0
12068,1435993400985,0.0
12069,1435993401008,58753.0
12070,1435993401025,58753.0
12071,1435993401045,58753.0
12072,1435993401066,58753.0
12073,1435993401086,58753.0
12074,1435993401106,58753.0
12075,1435993401127,57486.0
12076,1435993401146,57486.0
12077,1435993401165,2857.0
12078,1435993401188,2857.0
12079,1435993401206,1994.0
12080,1435993401224,1884.0
12081,1435993401246,1884.0
12082,1435993401265,1763.0
12083,1435993401288,1763.0
12084,1435993401309,14185.0
12085,1435993401328,14185.0
12086,1435993401346,6442.0
12087,1435993401367,6442.0
12088,1435993401384,2968.0
12089,1435993401406,2968.0
12090,1435993401426,2620.0
12091,1435993401497,2280.0
12092,1435993401498,2280.0
12093,1435993401499,2074.0
12094,1435993401508,2074.0
12095,1435993401522,1969.0
12096,1435993401545,1969.0
12097,1435993401564,1923.0
12098,1435993401586,1923.0
12099,1435993401607,1908.0
12100,1435993401625,1908.0
12101,1435993401646,1889.0
12102,1435993401667,1882.0
12103,1435993401688,1882.0
12104,1435993401706,1881.0
12105,1435993401727,1881.0
12106,1435993401746,1775.0
12107,1435993401765,1775.0
12108,1435993401787,1584.0
12109,1435993401806,1584.0
12110,1435993401827,1351.0
12111,1435993401852,1351.0
12112,1435993401864,1147.0
12113,1435993401884,1113.0
12114,1435993401904,1113.0
12115,1435993401923,1296.0
12116,1435993401943,1296.0
12117,1435993401967,2039.0
12118,1435993401988,2039.0
12119,1435993402006,20639.0
12120,1435993402028,20639.0
12121,1435993402047,37738.0
12122,1435993402066,37738.0
12123,1435993402086,46991.0
12124,1435993402113,38847.0
12125,1435993402161,38847.0
12126,1435993402162,40603.0
12127,1435993402166,40603.0
12128,1435993402183,0.0
12129,1435993402204,38447.0
12130,1435993402225,38447.0
12131,1435993402245,40207.0
12132,1435993402264,40207.0
12133,1435993402284,41626.0
12134,1435993402306,41626.0
12135,1435993402328,36424.0
12136,1435993402348,36424.0
12137,1435993402368,1186.0
12138,1435993402390,1186.0
12139,1435993402406,844.0
12140,1435993402427,748.0
12141,1435993402448,748.0
12142,1435993402467,12282.0
12143,1435993402487,12282.0
12144,1435993402506,11816.0
12145,1435993402527,11816.0
12146,1435993402547,2872.0
12147,1435993402570,2872.0
12148,1435993402587,1832.0
12149,1435993402607,1832.0
12150,1435993402629,1141.0
12151,1435993402647,956.0
12152,1435993402667,956.0
12153,1435993402686,813.0
12154,1435993402706,813.0
12155,1435993402723,646.0
12156,1435993402746,646.0
12157,1435993402769,558.0
12158,1435993402798,558.0
12159,1435993402806,465.0
12160,1435993402825,465.0
12161,1435993402844,410.0
12162,1435993402865,401.0
12163,1435993402886,401.0
12164,1435993402905,412.0
12165,1435993402926,412.0
12166,1435993402947,431.0
12167,1435993402967,431.0
12168,1435993402988,457.0
12169,1435993403009,457.0
12170,1435993403027,498.0
12171,1435993403048,498.0
12172,1435993403068,592.0
12173,1435993403088,717.0
12174,1435993403109,717.0
12175,1435993403127,810.0
12176,1435993403146,810.0
12177,1435993403168,913.0
12178,1435993403192,913.0
12179,1435993403207,1056.0
12180,1435993403228,1056.0
12181,1435993403248,1173.0
12182,1435993403269,1173.0
12183,1435993403289,1255.0
12184,1435993403309,1214.0
12185,1435993403328,1214.0
12186,1435993403348,1190.0
12187,1435993403367,1190.0
12188,1435993403386,1238.0
12189,1435993403416,1238.0
12190,1435993403468,1221.0
12191,1435993403469,1221.0
12192,1435993403470,1195.0
12193,1435993403484,1195.0
12194,1435993403504,1022.0
12195,1435993403526,801.0
12196,1435993403545,801.0
12197,1435993403565,680.0
12198,1435993403585,680.0
12199,1435993403606,591.0
12200,1435993403625,591.0
12201,1435993403648,633.0
12202,1435993403666,633.0
12203,1435993403685,824.0
12204,1435993403709,824.0
12205,1435993403727,848.0
12206,1435993403748,827.0
12207,1435993403771,827.0
12208,1435993403788,801.0
12209,1435993403810,801.0
12210,1435993403829,767.0
12211,1435993403848,767.0
12212,1435993403869,719.0
12213,1435993403890,719.0
12214,1435993403909,664.0
12215,1435993403929,664.0
12216,1435993403949,601.0
12217,1435993403969,533.0
12218,1435993403988,533.0
12219,1435993404010,476.0
12220,1435993404030,476.0
12221,1435993404050,445.0
12222,1435993404069,445.0
12223,1435993404091,442.0
12224,1435993404139,442.0
12225,1435993404140,435.0
12226,1435993404147,435.0
12227,1435993404180,420.0
12228,1435993404186,412.0
12229,1435993404205,412.0
12230,1435993404226,430.0
12231,1435993404247,430.0
12232,1435993404266,481.0
12233,1435993404289,481.0
12234,1435993404310,550.0
12235,1435993404329,550.0
12236,1435993404349,621.0
12237,1435993404370,621.0
12238,1435993404389,707.0
12239,1435993404408,810.0
12240,1435993404429,810.0
12241,1435993404449,875.0
12242,1435993404469,875.0
12243,1435993404489,972.0
12244,1435993404509,972.0
12245,1435993404529,1018.0
12246,1435993404550,1018.0
12247,1435993404569,961.0
12248,1435993404588,961.0
12249,1435993404609,934.0
12250,1435993404629,934.0
12251,1435993404649,926.0
12252,1435993404667,972.0
12253,1435993404686,972.0
12254,1435993404709,1133.0
12255,1435993404729,1133.0
12256,1435993404758,1290.0
12257,1435993404818,1290.0
12258,1435993404819,765.0
12259,1435993404820,765.0
12260,1435993404826,594.0
12261,1435993404847,594.0
12262,1435993404867,526.0
12263,1435993404886,819.0
12264,1435993404909,819.0
12265,1435993404927,1827.0
12266,1435993404949,1827.0
12267,1435993404970,1504.0
12268,1435993404989,1504.0
12269,1435993405010,919.0
12270,1435993405030,919.0
12271,1435993405049,686.0
12272,1435993405069,686.0
12273,1435993405092,590.0
12274,1435993405110,550.0
12275,1435993405129,550.0
12276,1435993405151,515.0
12277,1435993405170,515.0
12278,1435993405190,486.0
12279,1435993405210,486.0
12280,1435993405229,454.0
12281,1435993405249,454.0
12282,1435993405271,414.0
12283,1435993405289,414.0
12284,1435993405310,369.0
12285,1435993405330,337.0
12286,1435993405350,337.0
12287,1435993405368,322.0
12288,1435993405389,322.0
12289,1435993405418,311.0
12290,1435993405468,311.0
12291,1435993405469,314.0
12292,1435993405470,314.0
12293,1435993405487,335.0
12294,1435993405506,335.0
12295,1435993405526,372.0
12296,1435993405548,434.0
12297,1435993405570,434.0
12298,1435993405587,501.0
12299,1435993405612,501.0
12300,1435993405632,561.0
12301,1435993405649,561.0
12302,1435993405670,628.0
12303,1435993405691,628.0
12304,1435993405710,713.0
12305,1435993405730,713.0
12306,1435993405751,790.0
12307,1435993405768,831.0
12308,1435993405790,831.0
12309,1435993405816,924.0
12310,1435993405829,924.0
12311,1435993405850,1214.0
12312,1435993405871,1214.0
12313,1435993405891,1426.0
12314,1435993405907,1426.0
12315,1435993405930,1292.0
12316,1435993405950,1292.0
12317,1435993406005,1094.0
12318,1435993406006,829.0
12319,1435993406014,829.0
12320,1435993406026,657.0
12321,1435993406049,657.0
12322,1435993406066,566.0
12323,1435993406086,566.0
12324,1435993406108,519.0
12325,1435993406127,519.0
12326,1435993406146,476.0
12327,1435993406168,476.0
12328,1435993406186,500.0
12329,1435993406213,548.0
12330,1435993406228,548.0
12331,1435993406248,547.0
12332,1435993406266,547.0
12333,1435993406289,527.0
12334,1435993406308,527.0
12335,1435993406328,498.0
12336,1435993406354,498.0
12337,1435993406370,467.0
12338,1435993406393,467.0
12339,1435993406413,437.0
12340,1435993406428,411.0
12341,1435993406451,411.0
12342,1435993406469,382.0
12343,1435993406489,382.0
12344,1435993406509,344.0
12345,1435993406535,344.0
12346,1435993406549,312.0
12347,1435993406571,312.0
12348,1435993406591,296.0
12349,1435993406611,296.0
12350,1435993406637,290.0
12351,1435993406654,288.0
12352,1435993406668,288.0
12353,1435993406720,292.0
12354,1435993406721,292.0
12355,1435993406727,301.0
12356,1435993406748,301.0
12357,1435993406769,320.0
12358,1435993406788,320.0
12359,1435993406809,365.0
12360,1435993406830,365.0
12361,1435993406857,443.0
12362,1435993406870,532.0
12363,1435993406890,532.0
12364,1435993406911,611.0
12365,1435993406930,611.0
12366,1435993406950,678.0
12367,1435993406971,678.0
12368,1435993406991,730.0
12369,1435993407012,730.0
12370,1435993407031,747.0
12371,1435993407051,747.0
12372,1435993407074,752.0
12373,1435993407094,755.0
12374,1435993407111,755.0
12375,1435993407139,742.0
12376,1435993407149,742.0
12377,1435993407169,743.0
12378,1435993407190,743.0
12379,1435993407209,726.0
12380,1435993407230,726.0
12381,1435993407265,661.0
12382,1435993407271,661.0
12383,1435993407288,564.0
12384,1435993407311,564.0
12385,1435993407330,501.0
12386,1435993407357,447.0
12387,1435993407397,447.0
12388,1435993407406,513.0
12389,1435993407408,513.0
12390,1435993407434,535.0
12391,1435993407448,535.0
12392,1435993407471,487.0
12393,1435993407492,487.0
12394,1435993407509,452.0
12395,1435993407532,452.0
12396,1435993407554,421.0
12397,1435993407572,395.0
12398,1435993407590,395.0
12399,1435993407614,367.0
12400,1435993407634,367.0
12401,1435993407649,336.0
12402,1435993407670,336.0
12403,1435993407689,305.0
12404,1435993407709,305.0
12405,1435993407730,277.0
12406,1435993407751,277.0
12407,1435993407774,257.0
12408,1435993407803,247.0
12409,1435993407811,247.0
12410,1435993407829,241.0
12411,1435993407849,241.0
12412,1435993407870,224.0
12413,1435993407891,224.0
12414,1435993407915,203.0
12415,1435993407932,203.0
12416,1435993407952,189.0
12417,1435993407972,189.0
12418,1435993407992,193.0
12419,1435993408033,229.0
12420,1435993408034,229.0
12421,1435993408048,302.0
12422,1435993408070,302.0
12423,1435993408093,394.0
12424,1435993408111,394.0
12425,1435993408130,514.0
12426,1435993408150,514.0
12427,1435993408168,641.0
12428,1435993408190,641.0
12429,1435993408212,711.0
12430,1435993408230,740.0
12431,1435993408253,740.0
12432,1435993408272,747.0
12433,1435993408292,747.0
12434,1435993408311,754.0
12435,1435993408334,754.0
12436,1435993408352,771.0
12437,1435993408377,771.0
12438,1435993408396,758.0
12439,1435993408411,758.0
12440,1435993408433,753.0
12441,1435993408454,733.0
12442,1435993408472,733.0
12443,1435993408492,772.0
12444,1435993408513,772.0
12445,1435993408535,601.0
12446,1435993408552,601.0
12447,1435993408572,489.0
12448,1435993408590,489.0
12449,1435993408609,406.0
12450,1435993408645,406.0
12451,1435993408649,390.0
12452,1435993408668,395.0
12453,1435993408691,395.0
12454,1435993408709,384.0
12455,1435993408729,384.0
12456,1435993408754,383.0
12457,1435993408774,383.0
12458,1435993408792,367.0
12459,1435993408815,367.0
12460,1435993408834,340.0
12461,1435993408850,340.0
12462,1435993408875,308.0
12463,1435993408893,278.0
12464,1435993408913,278.0
12465,1435993408934,241.0
12466,1435993408952,241.0
12467,1435993408973,205.0
12468,1435993408995,205.0
12469,1435993409011,173.0
12470,1435993409033,173.0
12471,1435993409054,152.0
12472,1435993409075,152.0
12473,1435993409096,149.0
12474,1435993409117,149.0
12475,1435993409133,149.0
12476,1435993409151,152.0
12477,1435993409171,152.0
12478,1435993409192,166.0
12479,1435993409221,166.0
12480,1435993409283,204.0
12481,1435993409284,204.0
12482,1435993409285,278.0
12483,1435993409298,278.0
12484,1435993409309,380.0
12485,1435993409329,498.0
12486,1435993409355,498.0
12487,1435993409374,643.0
12488,1435993409391,643.0
12489,1435993409415,789.0
12490,1435993409434,789.0
12491,1435993409454,876.0
12492,1435993409472,876.0
12493,1435993409494,906.0
12494,1435993409514,906.0
12495,1435993409534,907.0
12496,1435993409554,916.0
12497,1435993409574,916.0
12498,1435993409596,869.0
12499,1435993409611,869.0
12500,1435993409645,840.0
12501,1435993409658,840.0
12502,1435993409674,840.0
12503,1435993409689,840.0
12504,1435993409710,788.0
12505,1435993409729,788.0
12506,1435993409751,718.0
12507,1435993409774,562.0
12508,1435993409794,562.0
12509,1435993409814,445.0
12510,1435993409835,445.0
12511,1435993409855,377.0
12512,1435993409875,377.0
12513,1435993409918,402.0
12514,1435993409919,402.0
12515,1435993409930,476.0
12516,1435993409954,476.0
12517,1435993409971,476.0
12518,1435993409993,446.0
12519,1435993410014,446.0
12520,1435993410031,409.0
12521,1435993410054,409.0
12522,1435993410077,368.0
12523,1435993410095,368.0
12524,1435993410115,325.0
12525,1435993410140,325.0
12526,1435993410157,277.0
12527,1435993410172,277.0
12528,1435993410192,229.0
12529,1435993410213,229.0
12530,1435993410231,195.0
12531,1435993410260,183.0
12532,1435993410276,183.0
12533,1435993410294,191.0
12534,1435993410316,191.0
12535,1435993410336,205.0
12536,1435993410357,205.0
12537,1435993410375,213.0
12538,1435993410392,213.0
12539,1435993410443,221.0
12540,1435993410444,221.0
12541,1435993410457,245.0
12542,1435993410477,316.0
12543,1435993410497,316.0
12544,1435993410514,408.0
12545,1435993410535,408.0
12546,1435993410601,528.0
12547,1435993410602,528.0
12548,1435993410603,710.0
12549,1435993410612,710.0
12550,1435993410632,870.0
12551,1435993410651,870.0
12552,1435993410672,925.0
12553,1435993410691,899.0
12554,1435993410711,899.0
12555,1435993410747,892.0
12556,1435993410793,892.0
12557,1435993410794,928.0
12558,1435993410795,928.0
12559,1435993410811,890.0
12560,1435993410836,890.0
12561,1435993410855,891.0
12562,1435993410872,891.0
12563,1435993410899,876.0
12564,1435993410914,771.0
12565,1435993410935,771.0
12566,1435993410955,573.0
12567,1435993410975,573.0
12568,1435993410993,428.0
12569,1435993411017,428.0
12570,1435993411037,333.0
12571,1435993411058,333.0
12572,1435993411075,400.0
12573,1435993411097,400.0
12574,1435993411114,497.0
12575,1435993411134,487.0
12576,1435993411221,487.0
12577,1435993411222,461.0
12578,1435993411223,461.0
12579,1435993411224,428.0
12580,1435993411237,428.0
12581,1435993411251,387.0
12582,1435993411275,387.0
12583,1435993411292,344.0
12584,1435993411317,344.0
12585,1435993411333,306.0
12586,1435993411356,263.0
12587,1435993411371,263.0
12588,1435993411406,217.0
12589,1435993411411,217.0
12590,1435993411432,168.0
12591,1435993411451,168.0
12592,1435993411471,149.0
12593,1435993411491,149.0
12594,1435993411513,152.0
12595,1435993411535,152.0
12596,1435993411556,163.0
12597,1435993411578,178.0
12598,1435993411593,178.0
12599,1435993411616,200.0
12600,1435993411636,200.0
12601,1435993411656,244.0
12602,1435993411676,244.0
12603,1435993411697,319.0
12604,1435993411716,319.0
12605,1435993411736,392.0
12606,1435993411757,392.0
12607,1435993411776,500.0
12608,1435993411796,663.0
12609,1435993411817,663.0
12610,1435993411835,2165.0
12611,1435993411855,2165.0
12612,1435993411918,2960.0
12613,1435993411919,2960.0
12614,1435993411920,1520.0
12615,1435993411934,1520.0
12616,1435993411953,988.0
12617,1435993411975,988.0
12618,1435993411995,1380.0
12619,1435993412015,1902.0
12620,1435993412034,1902.0
12621,1435993412056,1667.0
12622,1435993412076,1667.0
12623,1435993412096,1196.0
12624,1435993412115,1196.0
12625,1435993412136,462.0
12626,1435993412155,462.0
12627,1435993412178,383.0
12628,1435993412196,383.0
12629,1435993412216,339.0
12630,1435993412238,498.0
12631,1435993412255,498.0
12632,1435993412276,920.0
12633,1435993412300,920.0
12634,1435993412314,1007.0
12635,1435993412334,1007.0
12636,1435993412359,981.0
12637,1435993412379,981.0
12638,1435993412395,840.0
12639,1435993412421,840.0
12640,1435993412436,559.0
12641,1435993412456,370.0
12642,1435993412477,370.0
12643,1435993412494,273.0
12644,1435993412515,273.0
12645,1435993412579,231.0
12646,1435993412580,231.0
12647,1435993412581,199.0
12648,1435993412593,199.0
12649,1435993412613,174.0
12650,1435993412633,174.0
12651,1435993412657,160.0
12652,1435993412674,160.0
12653,1435993412694,160.0
12654,1435993412718,161.0
12655,1435993412737,161.0
12656,1435993412757,163.0
12657,1435993412777,163.0
12658,1435993412794,171.0
12659,1435993412814,171.0
12660,1435993412836,187.0
12661,1435993412855,187.0
12662,1435993412872,218.0
12663,1435993412893,218.0
12664,1435993412913,271.0
12665,1435993412939,344.0
12666,1435993412959,344.0
12667,1435993412979,440.0
12668,1435993412999,440.0
12669,1435993413031,1241.0
12670,1435993413036,1241.0
12671,1435993413056,2206.0
12672,1435993413074,2206.0
12673,1435993413095,703.0
12674,1435993413116,703.0
12675,1435993413138,719.0
12676,1435993413156,1439.0
12677,1435993413187,1439.0
12678,1435993413220,919.0
12679,1435993413221,919.0
12680,1435993413233,674.0
12681,1435993413255,674.0
12682,1435993413276,673.0
12683,1435993413297,673.0
12684,1435993413315,586.0
12685,1435993413334,586.0
12686,1435993413354,459.0
12687,1435993413380,391.0
12688,1435993413399,391.0
12689,1435993413419,355.0
12690,1435993413439,355.0
12691,1435993413458,388.0
12692,1435993413478,388.0
12693,1435993413500,396.0
12694,1435993413518,396.0
12695,1435993413537,369.0
12696,1435993413561,369.0
12697,1435993413576,341.0
12698,1435993413598,314.0
12699,1435993413620,314.0
12700,1435993413635,285.0
12701,1435993413655,285.0
12702,1435993413680,260.0
12703,1435993413695,260.0
12704,1435993413715,236.0
12705,1435993413737,236.0
12706,1435993413753,215.0
12707,1435993413776,215.0
12708,1435993413796,204.0
12709,1435993413817,201.0
12710,1435993413879,201.0
12711,1435993413880,216.0
12712,1435993413881,216.0
12713,1435993413893,230.0
12714,1435993413915,230.0
12715,1435993413938,226.0
12716,1435993413955,226.0
12717,1435993413975,202.0
12718,1435993413994,202.0
12719,1435993414015,180.0
12720,1435993414040,197.0
12721,1435993414060,197.0
12722,1435993414079,269.0
12723,1435993414097,269.0
12724,1435993414118,634.0
12725,1435993414138,634.0
12726,1435993414159,1925.0
12727,1435993414178,1925.0
12728,1435993414198,576.0
12729,1435993414220,576.0
12730,1435993414245,1948.0
12731,1435993414257,1271.0
12732,1435993414280,1271.0
12733,1435993414300,671.0
12734,1435993414319,671.0
12735,1435993414340,685.0
12736,1435993414358,685.0
12737,1435993414378,607.0
12738,1435993414399,607.0
12739,1435993414420,589.0
12740,1435993414440,589.0
12741,1435993414463,579.0
12742,1435993414476,524.0
12743,1435993414504,524.0
12744,1435993414564,423.0
12745,1435993414565,423.0
12746,1435993414566,371.0
12747,1435993414580,371.0
12748,1435993414596,337.0
12749,1435993414617,337.0
12750,1435993414637,347.0
12751,1435993414656,347.0
12752,1435993414675,322.0
12753,1435993414701,291.0
12754,1435993414720,291.0
12755,1435993414736,280.0
12756,1435993414759,280.0
12757,1435993414778,276.0
12758,1435993414799,276.0
12759,1435993414821,230.0
12760,1435993414839,230.0
12761,1435993414859,209.0
12762,1435993414879,209.0
12763,1435993414897,188.0
12764,1435993414919,170.0
12765,1435993414940,170.0
12766,1435993414959,152.0
12767,1435993414979,152.0
12768,1435993414999,131.0
12769,1435993415019,131.0
12770,1435993415039,118.0
12771,1435993415060,118.0
12772,1435993415079,111.0
12773,1435993415099,111.0
12774,1435993415117,109.0
12775,1435993415138,112.0
12776,1435993415170,112.0
12777,1435993415224,127.0
12778,1435993415225,127.0
12779,1435993415226,166.0
12780,1435993415240,166.0
12781,1435993415257,234.0
12782,1435993415278,234.0
12783,1435993415299,329.0
12784,1435993415316,329.0
12785,1435993415337,436.0
12786,1435993415360,528.0
12787,1435993415379,528.0
12788,1435993415399,590.0
12789,1435993415420,590.0
12790,1435993415439,607.0
12791,1435993415459,607.0
12792,1435993415480,599.0
12793,1435993415499,599.0
12794,1435993415520,596.0
12795,1435993415539,596.0
12796,1435993415561,589.0
12797,1435993415578,589.0
12798,1435993415600,568.0
12799,1435993415617,561.0
12800,1435993415637,561.0
12801,1435993415658,538.0
12802,1435993415682,538.0
12803,1435993415702,483.0
12804,1435993415722,483.0
12805,1435993415740,440.0
12806,1435993415757,440.0
12807,1435993415780,389.0
12808,1435993415797,389.0
12809,1435993415818,338.0
12810,1435993415873,312.0
12811,1435993415874,312.0
12812,1435993415876,307.0
12813,1435993415900,307.0
12814,1435993415916,297.0
12815,1435993415938,297.0
12816,1435993415961,280.0
12817,1435993415978,280.0
12818,1435993415997,263.0
12819,1435993416022,263.0
12820,1435993416040,242.0
12821,1435993416060,222.0
12822,1435993416080,222.0
12823,1435993416100,200.0
12824,1435993416120,200.0
12825,1435993416141,175.0
12826,1435993416160,175.0
12827,1435993416180,152.0
12828,1435993416201,152.0
12829,1435993416231,130.0
12830,1435993416239,130.0
12831,1435993416258,117.0
12832,1435993416278,119.0
12833,1435993416299,119.0
12834,1435993416318,127.0
12835,1435993416340,127.0
12836,1435993416369,139.0
12837,1435993416377,139.0
12838,1435993416396,153.0
12839,1435993416416,153.0
12840,1435993416437,175.0
12841,1435993416456,175.0
12842,1435993416476,222.0
12843,1435993416497,284.0
12844,1435993416516,284.0
12845,1435993416536,395.0
12846,1435993416557,395.0
12847,1435993416582,782.0
12848,1435993416599,782.0
12849,1435993416618,1088.0
12850,1435993416641,1088.0
12851,1435993416661,763.0
12852,1435993416682,763.0
12853,1435993416701,681.0
12854,1435993416719,665.0
12855,1435993416740,665.0
12856,1435993416761,654.0
12857,1435993416781,654.0
12858,1435993416801,624.0
12859,1435993416820,624.0
12860,1435993416840,599.0
12861,1435993416861,599.0
12862,1435993416881,587.0
12863,1435993416901,587.0
12864,1435993416921,558.0
12865,1435993416940,500.0
12866,1435993416960,500.0
12867,1435993416979,431.0
12868,1435993416999,431.0
12869,1435993417018,375.0
12870,1435993417040,375.0
12871,1435993417058,330.0
12872,1435993417080,330.0
12873,1435993417105,335.0
12874,1435993417146,335.0
12875,1435993417147,314.0
12876,1435993417160,298.0
12877,1435993417177,298.0
12878,1435993417197,275.0
12879,1435993417220,275.0
12880,1435993417237,252.0
12881,1435993417259,252.0
12882,1435993417281,232.0
12883,1435993417301,232.0
12884,1435993417321,210.0
12885,1435993417339,210.0
12886,1435993417360,189.0
12887,1435993417381,168.0
12888,1435993417402,168.0
12889,1435993417421,153.0
12890,1435993417439,153.0
12891,1435993417461,147.0
12892,1435993417479,147.0
12893,1435993417498,154.0
12894,1435993417519,154.0
12895,1435993417538,157.0
12896,1435993417558,157.0
12897,1435993417579,150.0
12898,1435993417599,137.0
12899,1435993417621,137.0
12900,1435993417641,131.0
12901,1435993417660,131.0
12902,1435993417680,154.0
12903,1435993417699,154.0
12904,1435993417721,209.0
12905,1435993417740,209.0
12906,1435993417761,293.0
12907,1435993417809,293.0
12908,1435993417810,455.0
12909,1435993417824,617.0
12910,1435993417838,617.0
12911,1435993417859,628.0
12912,1435993417882,628.0
12913,1435993417899,666.0
12914,1435993417920,666.0
12915,1435993417940,632.0
12916,1435993417958,632.0
12917,1435993417979,621.0
12918,1435993418023,621.0
12919,1435993418024,643.0
12920,1435993418039,760.0
12921,1435993418058,760.0
12922,1435993418077,952.0
12923,1435993418097,952.0
12924,1435993418118,924.0
12925,1435993418137,924.0
12926,1435993418157,438.0
12927,1435993418178,438.0
12928,1435993418197,337.0
12929,1435993418218,337.0
12930,1435993418241,290.0
12931,1435993418257,290.0
12932,1435993418277,426.0
12933,1435993418298,317.0
12934,1435993418317,317.0
12935,1435993418338,265.0
12936,1435993418360,265.0
12937,1435993418378,238.0
12938,1435993418398,238.0
12939,1435993418421,220.0
12940,1435993418438,220.0
12941,1435993418458,201.0
12942,1435993418480,201.0
12943,1435993418498,186.0
12944,1435993418518,169.0
12945,1435993418539,169.0
12946,1435993418559,149.0
12947,1435993418579,149.0
12948,1435993418601,130.0
12949,1435993418620,130.0
12950,1435993418650,113.0
12951,1435993418660,113.0
12952,1435993418679,101.0
12953,1435993418709,101.0
12954,1435993418722,99.0
12955,1435993418742,101.0
12956,1435993418762,101.0
12957,1435993418786,104.0
12958,1435993418800,104.0
12959,1435993418822,109.0
12960,1435993418841,109.0
12961,1435993418860,122.0
12962,1435993418880,122.0
12963,1435993418907,161.0
12964,1435993418925,161.0
12965,1435993418940,225.0
12966,1435993418966,317.0
12967,1435993419015,317.0
12968,1435993419016,436.0
12969,1435993419019,436.0
12970,1435993419039,551.0
12971,1435993419059,551.0
12972,1435993419085,627.0
12973,1435993419101,627.0
12974,1435993419119,642.0
12975,1435993419141,642.0
12976,1435993419165,624.0
12977,1435993419183,605.0
12978,1435993419205,605.0
12979,1435993419222,570.0
12980,1435993419245,570.0
12981,1435993419266,549.0
12982,1435993419285,549.0
12983,1435993419303,535.0
12984,1435993419325,535.0
12985,1435993419343,504.0
12986,1435993419365,504.0
12987,1435993419385,447.0
12988,1435993419404,375.0
12989,1435993419423,375.0
12990,1435993419452,317.0
12991,1435993419464,317.0
12992,1435993419480,288.0
12993,1435993419501,288.0
12994,1435993419520,293.0
12995,1435993419540,293.0
12996,1435993419568,284.0
12997,1435993419583,284.0
12998,1435993419602,271.0
12999,1435993419631,250.0
13000,1435993419714,250.0
13001,1435993419715,227.0
13002,1435993419716,227.0
13003,1435993419717,208.0
13004,1435993419721,208.0
13005,1435993419740,188.0
13006,1435993419764,188.0
13007,1435993419781,162.0
13008,1435993419801,162.0
13009,1435993419821,137.0
13010,1435993419844,125.0
13011,1435993419865,125.0
13012,1435993419884,126.0
13013,1435993419904,126.0
13014,1435993419922,134.0
13015,1435993419948,134.0
13016,1435993419964,144.0
13017,1435993419982,144.0
13018,1435993420001,154.0
13019,1435993420021,154.0
13020,1435993420048,165.0
13021,1435993420064,181.0
13022,1435993420085,181.0
13023,1435993420105,218.0
13024,1435993420125,218.0
13025,1435993420144,295.0
13026,1435993420162,295.0
13027,1435993420183,395.0
13028,1435993420205,395.0
13029,1435993420223,722.0
13030,1435993420251,722.0
13031,1435993420263,1217.0
13032,1435993420286,1211.0
13033,1435993420310,1211.0
13034,1435993420376,1085.0
13035,1435993420382,1085.0
13036,1435993420383,1311.0
13037,1435993420384,1311.0
13038,1435993420401,1444.0
13039,1435993420445,1444.0
13040,1435993420446,1304.0
13041,1435993420461,1304.0
13042,1435993420480,1301.0
13043,1435993420500,1299.0
13044,1435993420521,1299.0
13045,1435993420540,897.0
13046,1435993420567,897.0
13047,1435993420585,467.0
13048,1435993420605,467.0
13049,1435993420624,382.0
13050,1435993420644,382.0
13051,1435993420663,297.0
13052,1435993420686,297.0
13053,1435993420705,457.0
13054,1435993420725,437.0
13055,1435993420743,437.0
13056,1435993420767,356.0
13057,1435993420784,356.0
13058,1435993420807,331.0
13059,1435993420828,331.0
13060,1435993420848,301.0
13061,1435993420864,301.0
13062,1435993420887,270.0
13063,1435993420902,270.0
13064,1435993420924,242.0
13065,1435993421009,214.0
13066,1435993421011,214.0
13067,1435993421012,182.0
13068,1435993421013,182.0
13069,1435993421020,157.0
13070,1435993421040,157.0
13071,1435993421061,139.0
13072,1435993421080,139.0
13073,1435993421100,137.0
13074,1435993421124,137.0
13075,1435993421146,140.0
13076,1435993421166,140.0
13077,1435993421188,142.0
13078,1435993421205,143.0
13079,1435993421222,143.0
13080,1435993421246,154.0
13081,1435993421263,154.0
13082,1435993421285,186.0
13083,1435993421323,186.0
13084,1435993421324,256.0
13085,1435993421373,256.0
13086,1435993421374,344.0
13087,1435993421381,344.0
13088,1435993421401,461.0
13089,1435993421422,600.0
13090,1435993421441,600.0
13091,1435993421464,689.0
13092,1435993421484,689.0
13093,1435993421501,755.0
13094,1435993421521,755.0
13095,1435993421541,1362.0
13096,1435993421562,1362.0
13097,1435993421581,1879.0
13098,1435993421601,1879.0
13099,1435993421621,8657.0
13100,1435993421641,11196.0
13101,1435993421661,11196.0
13102,1435993421681,10652.0
13103,1435993421701,10652.0
13104,1435993421722,10102.0
13105,1435993421741,10102.0
13106,1435993421761,1526.0
13107,1435993421782,1526.0
13108,1435993421801,426.0
13109,1435993421821,426.0
13110,1435993421842,343.0
13111,1435993421864,706.0
13112,1435993421884,706.0
13113,1435993421906,1166.0
13114,1435993421923,1166.0
13115,1435993421945,599.0
13116,1435993421967,599.0
13117,1435993421987,414.0
13118,1435993422008,414.0
13119,1435993422030,336.0
13120,1435993422046,336.0
13121,1435993422064,293.0
13122,1435993422087,260.0
13123,1435993422103,260.0
13124,1435993422126,228.0
13125,1435993422188,228.0
13126,1435993422189,198.0
13127,1435993422190,198.0
13128,1435993422203,173.0
13129,1435993422222,173.0
13130,1435993422242,158.0
13131,1435993422264,158.0
13132,1435993422286,150.0
13133,1435993422305,152.0
13134,1435993422324,152.0
13135,1435993422345,155.0
13136,1435993422366,155.0
13137,1435993422387,160.0
13138,1435993422404,160.0
13139,1435993422426,169.0
13140,1435993422447,169.0
13141,1435993422466,187.0
13142,1435993422486,187.0
13143,1435993422507,234.0
13144,1435993422526,310.0
13145,1435993422546,310.0
13146,1435993422567,417.0
13147,1435993422586,417.0
13148,1435993422604,639.0
13149,1435993422627,639.0
13150,1435993422646,774.0
13151,1435993422668,774.0
13152,1435993422689,732.0
13153,1435993422709,732.0
13154,1435993422726,750.0
13155,1435993422746,789.0
13156,1435993422764,789.0
13157,1435993422785,918.0
13158,1435993422805,918.0
13159,1435993422860,1070.0
13160,1435993422861,1070.0
13161,1435993422863,1220.0
13162,1435993422883,1220.0
13163,1435993422902,1155.0
13164,1435993422924,1155.0
13165,1435993422947,1232.0
13166,1435993422965,782.0
13167,1435993422985,782.0
13168,1435993423007,413.0
13169,1435993423027,413.0
13170,1435993423048,355.0
13171,1435993423068,355.0
13172,1435993423086,705.0
13173,1435993423107,705.0
13174,1435993423124,1413.0
13175,1435993423147,1413.0
13176,1435993423169,660.0
13177,1435993423187,325.0
13178,1435993423212,325.0
13179,1435993423229,296.0
13180,1435993423247,296.0
13181,1435993423267,288.0
13182,1435993423287,288.0
13183,1435993423305,254.0
13184,1435993423323,254.0
13185,1435993423344,230.0
13186,1435993423364,230.0
13187,1435993423387,214.0
13188,1435993423407,201.0
13189,1435993423428,201.0
13190,1435993423446,194.0
13191,1435993423476,194.0
13192,1435993423534,188.0
13193,1435993423535,188.0
13194,1435993423536,183.0
13195,1435993423543,183.0
13196,1435993423563,177.0
13197,1435993423584,177.0
13198,1435993423603,171.0
13199,1435993423624,168.0
13200,1435993423647,168.0
13201,1435993423668,177.0
13202,1435993423686,177.0
13203,1435993423708,215.0
13204,1435993423725,215.0
13205,1435993423745,278.0
13206,1435993423765,278.0
13207,1435993423783,366.0
13208,1435993423808,366.0
13209,1435993423832,490.0
13210,1435993423848,490.0
13211,1435993423865,602.0
13212,1435993423888,667.0
13213,1435993423908,667.0
13214,1435993423927,856.0
13215,1435993423948,856.0
13216,1435993423968,1353.0
13217,1435993423988,1353.0
13218,1435993424009,1152.0
13219,1435993424028,1152.0
13220,1435993424048,758.0
13221,1435993424069,758.0
13222,1435993424088,575.0
13223,1435993424108,548.0
13224,1435993424128,548.0
13225,1435993424167,499.0
13226,1435993424168,499.0
13227,1435993424186,441.0
13228,1435993424205,441.0
13229,1435993424224,391.0
13230,1435993424246,391.0
13231,1435993424266,345.0
13232,1435993424288,345.0
13233,1435993424306,315.0
13234,1435993424328,289.0
13235,1435993424348,289.0
13236,1435993424371,267.0
13237,1435993424388,267.0
13238,1435993424409,250.0
13239,1435993424430,250.0
13240,1435993424447,232.0
13241,1435993424468,232.0
13242,1435993424490,216.0
13243,1435993424508,216.0
13244,1435993424527,200.0
13245,1435993424549,181.0
13246,1435993424568,181.0
13247,1435993424588,159.0
13248,1435993424609,159.0
13249,1435993424627,143.0
13250,1435993424648,143.0
13251,1435993424668,135.0
13252,1435993424688,135.0
13253,1435993424708,136.0
13254,1435993424729,136.0
13255,1435993424747,141.0
13256,1435993424767,147.0
13257,1435993424806,147.0
13258,1435993424809,154.0
13259,1435993424853,154.0
13260,1435993424854,171.0
13261,1435993424868,171.0
13262,1435993424884,220.0
13263,1435993424907,220.0
13264,1435993424924,296.0
13265,1435993424948,296.0
13266,1435993424965,401.0
13267,1435993424986,540.0
13268,1435993425009,540.0
13269,1435993425030,679.0
13270,1435993425049,679.0
13271,1435993425066,788.0
13272,1435993425090,788.0
13273,1435993425109,767.0
13274,1435993425129,767.0
13275,1435993425149,741.0
13276,1435993425169,741.0
13277,1435993425190,719.0
13278,1435993425207,701.0
13279,1435993425229,701.0
13280,1435993425247,656.0
13281,1435993425269,656.0
13282,1435993425287,630.0
13283,1435993425311,630.0
13284,1435993425331,575.0
13285,1435993425352,575.0
13286,1435993425369,476.0
13287,1435993425391,476.0
13288,1435993425407,372.0
13289,1435993425427,346.0
13290,1435993425460,346.0
13291,1435993425508,351.0
13292,1435993425509,351.0
13293,1435993425510,337.0
13294,1435993425525,337.0
13295,1435993425546,328.0
13296,1435993425567,328.0
13297,1435993425586,315.0
13298,1435993425610,315.0
13299,1435993425628,298.0
13300,1435993425648,275.0
13301,1435993425669,275.0
13302,1435993425692,251.0
13303,1435993425709,251.0
13304,1435993425727,220.0
13305,1435993425750,220.0
13306,1435993425769,188.0
13307,1435993425789,188.0
13308,1435993425810,169.0
13309,1435993425829,169.0
13310,1435993425848,160.0
13311,1435993425870,159.0
13312,1435993425890,159.0
13313,1435993425910,162.0
13314,1435993425930,162.0
13315,1435993425950,168.0
13316,1435993425968,168.0
13317,1435993425988,174.0
13318,1435993426008,174.0
13319,1435993426030,187.0
13320,1435993426050,187.0
13321,1435993426070,228.0
13322,1435993426088,308.0
13323,1435993426118,308.0
13324,1435993426154,415.0
13325,1435993426155,415.0
13326,1435993426166,555.0
13327,1435993426188,555.0
13328,1435993426209,727.0
13329,1435993426227,727.0
13330,1435993426247,875.0
13331,1435993426266,875.0
13332,1435993426288,997.0
13333,1435993426310,966.0
13334,1435993426330,966.0
13335,1435993426351,1028.0
13336,1435993426368,1028.0
13337,1435993426390,1016.0
13338,1435993426412,1016.0
13339,1435993426430,871.0
13340,1435993426450,871.0
13341,1435993426468,842.0
13342,1435993426487,842.0
13343,1435993426511,811.0
13344,1435993426600,710.0
13345,1435993426601,710.0
13346,1435993426602,565.0
13347,1435993426603,565.0
13348,1435993426606,456.0
13349,1435993426626,456.0
13350,1435993426648,389.0
13351,1435993426666,389.0
13352,1435993426686,383.0
13353,1435993426708,383.0
13354,1435993426726,405.0
13355,1435993426749,405.0
13356,1435993426775,394.0
13357,1435993426842,372.0
13358,1435993426843,372.0
13359,1435993426844,348.0
13360,1435993426846,348.0
13361,1435993426867,321.0
13362,1435993426889,321.0
13363,1435993426908,290.0
13364,1435993426930,290.0
13365,1435993426950,253.0
13366,1435993426970,253.0
13367,1435993426990,218.0
13368,1435993427011,194.0
13369,1435993427030,194.0
13370,1435993427050,184.0
13371,1435993427071,184.0
13372,1435993427091,194.0
13373,1435993427111,194.0
13374,1435993427130,216.0
13375,1435993427148,216.0
13376,1435993427178,237.0
13377,1435993427195,237.0
13378,1435993427208,246.0
13379,1435993427228,247.0
13380,1435993427249,247.0
13381,1435993427268,268.0
13382,1435993427289,268.0
13383,1435993427309,334.0
13384,1435993427328,334.0
13385,1435993427353,438.0
13386,1435993427375,438.0
13387,1435993427393,1063.0
13388,1435993427410,1063.0
13389,1435993427431,5928.0
13390,1435993427479,16579.0
13391,1435993427480,16579.0
13392,1435993427491,31101.0
13393,1435993427508,31101.0
13394,1435993427527,26503.0
13395,1435993427549,26503.0
13396,1435993427567,15391.0
13397,1435993427591,15391.0
13398,1435993427609,18139.0
13399,1435993427629,18139.0
13400,1435993427649,0.0
13401,1435993427674,11878.0
13402,1435993427689,11878.0
13403,1435993427708,8052.0
13404,1435993427729,8052.0
13405,1435993427748,7419.0
13406,1435993427770,7419.0
13407,1435993427792,658.0
13408,1435993427809,658.0
13409,1435993427829,478.0
13410,1435993427856,478.0
13411,1435993427870,405.0
13412,1435993427892,1257.0
13413,1435993427912,1257.0
13414,1435993427930,1783.0
13415,1435993427952,1783.0
13416,1435993427971,1321.0
13417,1435993427989,1321.0
13418,1435993428010,893.0
13419,1435993428036,893.0
13420,1435993428049,764.0
13421,1435993428070,764.0
13422,1435993428092,562.0
13423,1435993428118,376.0
13424,1435993428205,376.0
13425,1435993428206,299.0
13426,1435993428207,299.0
13427,1435993428208,258.0
13428,1435993428209,258.0
13429,1435993428227,226.0
13430,1435993428247,226.0
13431,1435993428268,201.0
13432,1435993428290,201.0
13433,1435993428311,191.0
13434,1435993428333,199.0
13435,1435993428351,199.0
13436,1435993428372,208.0
13437,1435993428390,208.0
13438,1435993428410,213.0
13439,1435993428430,213.0
13440,1435993428452,230.0
13441,1435993428472,230.0
13442,1435993428490,271.0
13443,1435993428523,271.0
13444,1435993428529,358.0
13445,1435993428548,481.0
13446,1435993428569,481.0
13447,1435993428589,686.0
13448,1435993428609,686.0
13449,1435993428629,1253.0
13450,1435993428650,1253.0
13451,1435993428689,978.0
13452,1435993428690,978.0
13453,1435993428708,1145.0
13454,1435993428728,1145.0
13455,1435993428756,1421.0
13456,1435993428790,1080.0
13457,1435993428793,1080.0
13458,1435993428819,1080.0
13459,1435993428838,1080.0
13460,1435993428848,1001.0
13461,1435993428871,1001.0
13462,1435993428891,993.0
13463,1435993428910,993.0
13464,1435993428931,1056.0
13465,1435993428952,1056.0
13466,1435993428972,864.0
13467,1435993428993,599.0
13468,1435993429010,599.0
13469,1435993429032,444.0
13470,1435993429055,444.0
13471,1435993429072,396.0
13472,1435993429092,396.0
13473,1435993429113,522.0
13474,1435993429132,522.0
13475,1435993429153,564.0
13476,1435993429176,564.0
13477,1435993429199,550.0
13478,1435993429216,523.0
13479,1435993429243,523.0
13480,1435993429252,489.0
13481,1435993429270,489.0
13482,1435993429293,451.0
13483,1435993429310,451.0
13484,1435993429336,413.0
13485,1435993429356,413.0
13486,1435993429372,371.0
13487,1435993429391,371.0
13488,1435993429416,325.0
13489,1435993429480,291.0
13490,1435993429481,291.0
13491,1435993429482,295.0
13492,1435993429497,295.0
13493,1435993429512,340.0
13494,1435993429530,340.0
13495,1435993429549,382.0
13496,1435993429571,382.0
13497,1435993429593,396.0
13498,1435993429611,396.0
13499,1435993429630,394.0
13500,1435993429651,419.0
13501,1435993429674,419.0
13502,1435993429691,490.0
13503,1435993429711,490.0
13504,1435993429730,573.0
13505,1435993429751,573.0
13506,1435993429771,654.0
13507,1435993429794,654.0
13508,1435993429813,1263.0
13509,1435993429834,1263.0
13510,1435993429853,2530.0
13511,1435993429872,6511.0
13512,1435993429895,2028.0
13513,1435993429911,2134.0
13514,1435993429931,2134.0
13515,1435993429955,1530.0
13516,1435993429975,1530.0
13517,1435993429996,2212.0
13518,1435993430016,2212.0
13519,1435993430033,9039.0
13520,1435993430051,9039.0
13521,1435993430073,6460.0
13522,1435993430091,6460.0
13523,1435993430112,1708.0
13524,1435993430180,1860.0
13525,1435993430182,1860.0
13526,1435993430183,1914.0
13527,1435993430195,1914.0
13528,1435993430209,922.0
13529,1435993430230,922.0
13530,1435993430251,606.0
13531,1435993430269,606.0
13532,1435993430291,482.0
13533,1435993430316,482.0
13534,1435993430334,540.0
13535,1435993430352,790.0
13536,1435993430376,790.0
13537,1435993430392,845.0
13538,1435993430415,845.0
13539,1435993430462,738.0
13540,1435993430463,738.0
13541,1435993430474,749.0
13542,1435993430496,749.0
13543,1435993430514,765.0
13544,1435993430532,765.0
13545,1435993430556,652.0
13546,1435993430571,542.0
13547,1435993430591,542.0
13548,1435993430612,484.0
13549,1435993430632,484.0
13550,1435993430657,433.0
13551,1435993430672,433.0
13552,1435993430693,395.0
13553,1435993430712,395.0
13554,1435993430732,391.0
13555,1435993430752,391.0
13556,1435993430778,427.0
13557,1435993430843,505.0
13558,1435993430844,505.0
13559,1435993430845,637.0
13560,1435993430855,637.0
13561,1435993430870,810.0
13562,1435993430892,810.0
13563,1435993430911,948.0
13564,1435993430934,948.0
13565,1435993430951,984.0
13566,1435993430973,984.0
13567,1435993430994,980.0
13568,1435993431014,949.0
13569,1435993431033,949.0
13570,1435993431054,1031.0
13571,1435993431075,1031.0
13572,1435993431095,2582.0
13573,1435993431114,2582.0
13574,1435993431135,22449.0
13575,1435993431155,22449.0
13576,1435993431178,15857.0
13577,1435993431208,15857.0
13578,1435993431214,27275.0
13579,1435993431232,31929.0
13580,1435993431254,31929.0
13581,1435993431271,31258.0
13582,1435993431292,31258.0
13583,1435993431315,0.0
13584,1435993431336,33467.0
13585,1435993431354,33467.0
13586,1435993431378,29703.0
13587,1435993431398,29703.0
13588,1435993431417,27939.0
13589,1435993431435,27939.0
13590,1435993431456,833.0
13591,1435993431516,833.0
13592,1435993431517,674.0
13593,1435993431518,674.0
13594,1435993431531,633.0
13595,1435993431550,12019.0
13596,1435993431572,12019.0
13597,1435993431594,12402.0
13598,1435993431615,12402.0
13599,1435993431634,2544.0
13600,1435993431655,2544.0
13601,1435993431675,1663.0
13602,1435993431705,1663.0
13603,1435993431717,1321.0
13604,1435993431732,1321.0
13605,1435993431755,1104.0
13606,1435993431772,957.0
13607,1435993431792,957.0
13608,1435993431817,871.0
13609,1435993431840,871.0
13610,1435993431854,826.0
13611,1435993431876,826.0
13612,1435993431895,794.0
13613,1435993431914,794.0
13614,1435993431936,780.0
13615,1435993431955,780.0
13616,1435993431977,754.0
13617,1435993431998,675.0
13618,1435993432018,675.0
13619,1435993432038,566.0
13620,1435993432055,566.0
13621,1435993432075,463.0
13622,1435993432094,463.0
13623,1435993432115,402.0
13624,1435993432179,402.0
13625,1435993432180,378.0
13626,1435993432181,378.0
13627,1435993432215,376.0
13628,1435993432216,450.0
13629,1435993432235,450.0
13630,1435993432251,621.0
13631,1435993432271,621.0
13632,1435993432292,1513.0
13633,1435993432315,1513.0
13634,1435993432332,8002.0
13635,1435993432354,8002.0
13636,1435993432409,4748.0
13637,1435993432410,4748.0
13638,1435993432412,2093.0
13639,1435993432433,1658.0
13640,1435993432451,1658.0
13641,1435993432472,1631.0
13642,1435993432491,1631.0
13643,1435993432511,1703.0
13644,1435993432532,1703.0
13645,1435993432553,1622.0
13646,1435993432573,1622.0
13647,1435993432593,1684.0
13648,1435993432612,1684.0
13649,1435993432632,1609.0
13650,1435993432653,1056.0
13651,1435993432673,1056.0
13652,1435993432693,576.0
13653,1435993432714,576.0
13654,1435993432733,435.0
13655,1435993432876,435.0
13656,1435993432877,413.0
13657,1435993432878,413.0
13658,1435993432879,808.0
13659,1435993432880,808.0
13660,1435993432881,926.0
13661,1435993432882,804.0
13662,1435993432894,804.0
13663,1435993432912,716.0
13664,1435993432932,716.0
13665,1435993432954,641.0
13666,1435993432972,641.0
13667,1435993432992,562.0
13668,1435993433014,562.0
13669,1435993433032,494.0
13670,1435993433052,494.0
13671,1435993433073,436.0
13672,1435993433092,383.0
13673,1435993433112,383.0
13674,1435993433132,340.0
13675,1435993433152,340.0
13676,1435993433172,301.0
13677,1435993433193,301.0
13678,1435993433217,284.0
13679,1435993433235,284.0
13680,1435993433256,294.0
13681,1435993433279,294.0
13682,1435993433299,316.0
13683,1435993433320,342.0
13684,1435993433336,342.0
13685,1435993433356,361.0
13686,1435993433376,361.0
13687,1435993433396,373.0
13688,1435993433426,373.0
13689,1435993433487,408.0
13690,1435993433488,408.0
13691,1435993433489,470.0
13692,1435993433493,470.0
13693,1435993433513,635.0
13694,1435993433534,1050.0
13695,1435993433554,1050.0
13696,1435993433574,1314.0
13697,1435993433593,1314.0
13698,1435993433617,1442.0
13699,1435993433636,1442.0
13700,1435993433657,1449.0
13701,1435993433677,1449.0
13702,1435993433695,1583.0
13703,1435993433716,1583.0
13704,1435993433735,1766.0
13705,1435993433754,1766.0
13706,1435993433784,1896.0
13707,1435993433796,1813.0
13708,1435993433817,1813.0
13709,1435993433836,1723.0
13710,1435993433853,1723.0
13711,1435993433878,1368.0
13712,1435993433893,1368.0
13713,1435993433915,543.0
13714,1435993433936,543.0
13715,1435993433958,397.0
13716,1435993433979,397.0
13717,1435993433997,362.0
13718,1435993434017,1114.0
13719,1435993434037,1114.0
13720,1435993434056,1853.0
13721,1435993434075,1853.0
13722,1435993434144,1781.0
13723,1435993434145,1781.0
13724,1435993434146,1187.0
13725,1435993434157,1187.0
13726,1435993434174,907.0
13727,1435993434193,907.0
13728,1435993434216,736.0
13729,1435993434239,566.0
13730,1435993434256,566.0
13731,1435993434277,446.0
13732,1435993434298,446.0
13733,1435993434318,358.0
13734,1435993434338,358.0
13735,1435993434358,297.0
13736,1435993434378,297.0
13737,1435993434398,265.0
13738,1435993434418,265.0
13739,1435993434438,249.0
13740,1435993434459,247.0
13741,1435993434478,247.0
13742,1435993434496,246.0
13743,1435993434518,246.0
13744,1435993434538,249.0
13745,1435993434555,249.0
13746,1435993434578,254.0
13747,1435993434597,254.0
13748,1435993434619,265.0
13749,1435993434639,265.0
13750,1435993434659,295.0
13751,1435993434678,326.0
13752,1435993434699,326.0
13753,1435993434717,362.0
13754,1435993434737,362.0
13755,1435993434768,419.0
13756,1435993434818,419.0
13757,1435993434819,583.0
13758,1435993434820,583.0
13759,1435993434835,697.0
13760,1435993434854,697.0
13761,1435993434876,906.0
13762,1435993434895,1052.0
13763,1435993434915,1052.0
13764,1435993434936,1087.0
13765,1435993434959,1087.0
13766,1435993434975,1226.0
13767,1435993434998,1226.0
13768,1435993435017,1280.0
13769,1435993435038,1280.0
13770,1435993435059,1274.0
13771,1435993435090,1274.0
13772,1435993435096,1221.0
13773,1435993435119,1058.0
13774,1435993435140,1058.0
13775,1435993435156,451.0
13776,1435993435181,451.0
13777,1435993435196,322.0
13778,1435993435217,322.0
13779,1435993435238,275.0
13780,1435993435261,275.0
13781,1435993435281,387.0
13782,1435993435301,387.0
13783,1435993435319,609.0
13784,1435993435338,485.0
13785,1435993435359,485.0
13786,1435993435378,400.0
13787,1435993435397,400.0
13788,1435993435459,361.0
13789,1435993435460,361.0
13790,1435993435461,326.0
13791,1435993435478,326.0
13792,1435993435495,297.0
13793,1435993435515,297.0
13794,1435993435538,269.0
13795,1435993435560,241.0
13796,1435993435576,241.0
13797,1435993435599,212.0
13798,1435993435619,212.0
13799,1435993435638,186.0
13800,1435993435659,186.0
13801,1435993435679,168.0
13802,1435993435699,168.0
13803,1435993435720,162.0
13804,1435993435739,162.0
13805,1435993435759,162.0
13806,1435993435779,167.0
13807,1435993435797,167.0
13808,1435993435819,174.0
13809,1435993435840,174.0
13810,1435993435859,186.0
13811,1435993435879,186.0
13812,1435993435899,214.0
13813,1435993435919,214.0
13814,1435993435939,261.0
13815,1435993435960,261.0
13816,1435993435979,282.0
13817,1435993435998,310.0
13818,1435993436019,310.0
13819,1435993436039,386.0
13820,1435993436069,386.0
13821,1435993436105,486.0
13822,1435993436106,486.0
13823,1435993436122,512.0
13824,1435993436137,512.0
13825,1435993436155,489.0
13826,1435993436178,489.0
13827,1435993436199,523.0
13828,1435993436216,532.0
13829,1435993436236,532.0
13830,1435993436260,494.0
13831,1435993436279,494.0
13832,1435993436299,483.0
13833,1435993436320,483.0
13834,1435993436340,389.0
13835,1435993436359,389.0
13836,1435993436418,312.0
13837,1435993436419,312.0
13838,1435993436420,275.0
13839,1435993436437,243.0
13840,1435993436455,243.0
13841,1435993436475,290.0
13842,1435993436497,290.0
13843,1435993436515,320.0
13844,1435993436536,320.0
13845,1435993436558,315.0
13846,1435993436576,315.0
13847,1435993436597,294.0
13848,1435993436622,294.0
13849,1435993436639,275.0
13850,1435993436660,275.0
13851,1435993436679,254.0
13852,1435993436698,235.0
13853,1435993436718,235.0
13854,1435993436786,215.0
13855,1435993436787,215.0
13856,1435993436788,197.0
13857,1435993436798,197.0
13858,1435993436817,181.0
13859,1435993436838,181.0
13860,1435993436858,164.0
13861,1435993436877,164.0
13862,1435993436897,154.0
13863,1435993436921,149.0
13864,1435993436940,149.0
13865,1435993436960,146.0
13866,1435993436981,146.0
13867,1435993437003,146.0
13868,1435993437017,146.0
13869,1435993437038,150.0
13870,1435993437057,150.0
13871,1435993437077,159.0
13872,1435993437098,159.0
13873,1435993437118,184.0
13874,1435993437140,229.0
13875,1435993437159,229.0
13876,1435993437180,265.0
13877,1435993437200,265.0
13878,1435993437219,305.0
13879,1435993437238,305.0
13880,1435993437258,353.0
13881,1435993437278,353.0
13882,1435993437299,369.0
13883,1435993437320,369.0
13884,1435993437339,365.0
13885,1435993437359,370.0
13886,1435993437388,370.0
13887,1435993437442,413.0
13888,1435993437443,413.0
13889,1435993437444,411.0
13890,1435993437462,411.0
13891,1435993437476,384.0
13892,1435993437497,384.0
13893,1435993437518,393.0
13894,1435993437537,393.0
13895,1435993437557,342.0
13896,1435993437578,294.0
13897,1435993437598,294.0
13898,1435993437619,247.0
13899,1435993437641,247.0
13900,1435993437660,218.0
13901,1435993437680,218.0
13902,1435993437701,254.0
13903,1435993437721,254.0
13904,1435993437741,265.0
13905,1435993437765,265.0
13906,1435993437780,248.0
13907,1435993437801,234.0
13908,1435993437827,234.0
13909,1435993437840,222.0
13910,1435993437861,222.0
13911,1435993437881,208.0
13912,1435993437900,208.0
13913,1435993437921,193.0
13914,1435993437942,193.0
13915,1435993437961,178.0
13916,1435993437978,178.0
13917,1435993438056,158.0
13918,1435993438066,139.0
13919,1435993438067,139.0
13920,1435993438068,126.0
13921,1435993438081,126.0
13922,1435993438097,118.0
13923,1435993438120,118.0
13924,1435993438140,111.0
13925,1435993438158,111.0
13926,1435993438180,112.0
13927,1435993438199,112.0
13928,1435993438221,115.0
13929,1435993438247,124.0
13930,1435993438262,124.0
13931,1435993438280,151.0
13932,1435993438302,151.0
13933,1435993438321,206.0
13934,1435993438341,206.0
13935,1435993438364,264.0
13936,1435993438380,264.0
13937,1435993438402,344.0
13938,1435993438422,344.0
13939,1435993438439,583.0
13940,1435993438459,401.0
13941,1435993438480,401.0
13942,1435993438500,384.0
13943,1435993438519,384.0
13944,1435993438540,425.0
13945,1435993438559,425.0
13946,1435993438579,451.0
13947,1435993438601,451.0
13948,1435993438619,458.0
13949,1435993438642,458.0
13950,1435993438710,410.0
13951,1435993438711,402.0
13952,1435993438712,402.0
13953,1435993438725,372.0
13954,1435993438743,372.0
13955,1435993438757,319.0
13956,1435993438778,319.0
13957,1435993438800,267.0
13958,1435993438821,267.0
13959,1435993438841,222.0
13960,1435993438862,222.0
13961,1435993438882,228.0
13962,1435993438902,257.0
13963,1435993438920,257.0
13964,1435993438942,259.0
13965,1435993438964,259.0
13966,1435993438984,244.0
13967,1435993439002,244.0
13968,1435993439022,230.0
13969,1435993439039,230.0
13970,1435993439059,216.0
13971,1435993439081,216.0
13972,1435993439100,202.0
13973,1435993439136,190.0
13974,1435993439142,190.0
13975,1435993439159,178.0
13976,1435993439179,178.0
13977,1435993439199,159.0
13978,1435993439220,159.0
13979,1435993439241,138.0
13980,1435993439260,138.0
13981,1435993439279,120.0
13982,1435993439300,120.0
13983,1435993439354,104.0
13984,1435993439355,94.0
13985,1435993439360,94.0
13986,1435993439385,89.0
13987,1435993439400,89.0
13988,1435993439422,92.0
13989,1435993439441,92.0
13990,1435993439460,98.0
13991,1435993439479,98.0
13992,1435993439500,112.0
13993,1435993439519,112.0
13994,1435993439540,142.0
13995,1435993439560,142.0
13996,1435993439580,197.0
13997,1435993439601,258.0
13998,1435993439624,258.0
13999,1435993439644,315.0
14000,1435993439662,315.0
14001,1435993439684,364.0
14002,1435993439703,364.0
14003,1435993439720,394.0
14004,1435993439746,394.0
14005,1435993439760,417.0
14006,1435993439781,417.0
14007,1435993439801,421.0
14008,1435993439822,424.0
14009,1435993439846,424.0
14010,1435993439866,420.0
14011,1435993439883,420.0
14012,1435993439901,408.0
14013,1435993439922,408.0
14014,1435993439941,408.0
14015,1435993439963,408.0
14016,1435993440065,391.0
14017,1435993440066,391.0
14018,1435993440067,329.0
14019,1435993440068,274.0
14020,1435993440069,274.0
14021,1435993440143,228.0
14022,1435993440144,228.0
14023,1435993440145,219.0
14024,1435993440146,219.0
14025,1435993440162,247.0
14026,1435993440183,247.0
14027,1435993440199,250.0
14028,1435993440221,250.0
14029,1435993440239,233.0
14030,1435993440259,220.0
14031,1435993440281,220.0
14032,1435993440299,206.0
14033,1435993440319,206.0
14034,1435993440341,192.0
14035,1435993440359,192.0
14036,1435993440379,179.0
14037,1435993440400,179.0
14038,1435993440419,163.0
14039,1435993440453,163.0
14040,1435993440459,142.0
14041,1435993440484,123.0
14042,1435993440502,123.0
14043,1435993440522,107.0
14044,1435993440541,107.0
14045,1435993440561,101.0
14046,1435993440588,101.0
14047,1435993440601,102.0
14048,1435993440622,102.0
14049,1435993440644,110.0
14050,1435993440662,110.0
14051,1435993440691,120.0
14052,1435993440741,133.0
14053,1435993440742,133.0
14054,1435993440743,161.0
14055,1435993440761,161.0
14056,1435993440779,219.0
14057,1435993440800,219.0
14058,1435993440826,295.0
14059,1435993440844,295.0
14060,1435993440861,476.0
14061,1435993440886,476.0
14062,1435993440905,857.0
14063,1435993440921,1354.0
14064,1435993440948,1354.0
14065,1435993440965,2535.0
14066,1435993440984,2535.0
14067,1435993441009,7056.0
14068,1435993441024,7056.0
14069,1435993441042,13193.0
14070,1435993441062,13193.0
14071,1435993441082,14533.0
14072,1435993441101,14533.0
14073,1435993441127,9303.0
14074,1435993441147,1837.0
14075,1435993441167,1837.0
14076,1435993441185,1347.0
14077,1435993441202,1347.0
14078,1435993441224,346.0
14079,1435993441248,346.0
14080,1435993441270,278.0
14081,1435993441282,278.0
14082,1435993441309,254.0
14083,1435993441323,254.0
14084,1435993441354,312.0
14085,1435993441415,293.0
14086,1435993441416,293.0
14087,1435993441417,268.0
14088,1435993441428,268.0
14089,1435993441440,245.0
14090,1435993441461,245.0
14091,1435993441484,230.0
14092,1435993441505,230.0
14093,1435993441521,215.0
14094,1435993441543,215.0
14095,1435993441561,198.0
14096,1435993441581,179.0
14097,1435993441603,179.0
14098,1435993441625,160.0
14099,1435993441645,160.0
14100,1435993441665,144.0
14101,1435993441685,144.0
14102,1435993441706,134.0
14103,1435993441725,134.0
14104,1435993441744,131.0
14105,1435993441763,131.0
14106,1435993441786,126.0
14107,1435993441805,126.0
14108,1435993441824,126.0
14109,1435993441844,129.0
14110,1435993441865,129.0
14111,1435993441885,137.0
14112,1435993441906,137.0
14113,1435993441925,157.0
14114,1435993441944,157.0
14115,1435993441965,214.0
14116,1435993441985,214.0
14117,1435993442009,295.0
14118,1435993442071,397.0
14119,1435993442074,397.0
14120,1435993442075,500.0
14121,1435993442081,500.0
14122,1435993442101,543.0
14123,1435993442123,543.0
14124,1435993442147,553.0
14125,1435993442162,553.0
14126,1435993442184,633.0
14127,1435993442207,633.0
14128,1435993442225,757.0
14129,1435993442248,889.0
14130,1435993442269,889.0
14131,1435993442285,1155.0
14132,1435993442305,1155.0
14133,1435993442327,1521.0
14134,1435993442355,1521.0
14135,1435993442367,1450.0
14136,1435993442382,1450.0
14137,1435993442409,1182.0
14138,1435993442421,1182.0
14139,1435993442442,324.0
14140,1435993442461,258.0
14141,1435993442481,258.0
14142,1435993442502,249.0
14143,1435993442523,249.0
14144,1435993442546,911.0
14145,1435993442567,911.0
14146,1435993442585,835.0
14147,1435993442606,835.0
14148,1435993442629,490.0
14149,1435993442646,490.0
14150,1435993442666,357.0
14151,1435993442686,357.0
14152,1435993442730,288.0
14153,1435993442731,241.0
14154,1435993442745,241.0
14155,1435993442762,206.0
14156,1435993442786,206.0
14157,1435993442804,177.0
14158,1435993442822,177.0
14159,1435993442844,149.0
14160,1435993442867,149.0
14161,1435993442886,123.0
14162,1435993442906,123.0
14163,1435993442927,109.0
14164,1435993442944,108.0
14165,1435993442966,108.0
14166,1435993442987,111.0
14167,1435993443006,111.0
14168,1435993443026,119.0
14169,1435993443047,119.0
14170,1435993443066,130.0
14171,1435993443086,130.0
14172,1435993443108,143.0
14173,1435993443126,143.0
14174,1435993443145,168.0
14175,1435993443170,231.0
14176,1435993443188,231.0
14177,1435993443208,310.0
14178,1435993443228,310.0
14179,1435993443247,637.0
14180,1435993443266,637.0
14181,1435993443287,1582.0
14182,1435993443306,1582.0
14183,1435993443334,1015.0
14184,1435993443393,1015.0
14185,1435993443394,571.0
14186,1435993443395,601.0
14187,1435993443408,601.0
14188,1435993443422,543.0
14189,1435993443443,543.0
14190,1435993443467,573.0
14191,1435993443485,573.0
14192,1435993443505,551.0
14193,1435993443530,551.0
14194,1435993443546,519.0
14195,1435993443573,519.0
14196,1435993443589,473.0
14197,1435993443603,356.0
14198,1435993443623,356.0
14199,1435993443643,306.0
14200,1435993443662,306.0
14201,1435993443682,261.0
14202,1435993443704,261.0
14203,1435993443723,297.0
14204,1435993443745,297.0
14205,1435993443765,309.0
14206,1435993443784,309.0
14207,1435993443803,288.0
14208,1435993443825,279.0
14209,1435993443843,279.0
14210,1435993443863,273.0
14211,1435993443886,273.0
14212,1435993443904,259.0
14213,1435993443924,259.0
14214,1435993443946,244.0
14215,1435993443963,244.0
14216,1435993444041,231.0
14217,1435993444042,231.0
14218,1435993444043,209.0
14219,1435993444044,191.0
14220,1435993444064,191.0
14221,1435993444082,174.0
14222,1435993444104,174.0
14223,1435993444128,156.0
14224,1435993444146,156.0
14225,1435993444164,137.0
14226,1435993444189,137.0
14227,1435993444208,120.0
14228,1435993444228,120.0
14229,1435993444246,124.0
14230,1435993444267,135.0
14231,1435993444287,135.0
14232,1435993444308,144.0
14233,1435993444327,144.0
14234,1435993444353,160.0
14235,1435993444365,160.0
14236,1435993444384,202.0
14237,1435993444404,202.0
14238,1435993444427,250.0
14239,1435993444444,250.0
14240,1435993444465,292.0
14241,1435993444488,347.0
14242,1435993444505,347.0
14243,1435993444526,393.0
14244,1435993444548,393.0
14245,1435993444568,427.0
14246,1435993444589,427.0
14247,1435993444610,431.0
14248,1435993444628,431.0
14249,1435993444652,427.0
14250,1435993444717,427.0
14251,1435993444718,427.0
14252,1435993444719,411.0
14253,1435993444727,411.0
14254,1435993444743,392.0
14255,1435993444764,392.0
14256,1435993444786,373.0
14257,1435993444804,373.0
14258,1435993444825,338.0
14259,1435993444847,338.0
14260,1435993444868,307.0
14261,1435993444887,307.0
14262,1435993444909,270.0
14263,1435993444928,238.0
14264,1435993444948,238.0
14265,1435993444969,228.0
14266,1435993444988,228.0
14267,1435993445008,209.0
14268,1435993445030,209.0
14269,1435993445046,201.0
14270,1435993445068,201.0
14271,1435993445090,196.0
14272,1435993445106,196.0
14273,1435993445126,187.0
14274,1435993445149,176.0
14275,1435993445170,176.0
14276,1435993445191,163.0
14277,1435993445211,163.0
14278,1435993445228,147.0
14279,1435993445246,147.0
14280,1435993445267,131.0
14281,1435993445286,131.0
14282,1435993445307,116.0
14283,1435993445370,116.0
14284,1435993445371,105.0
14285,1435993445372,105.0
14286,1435993445385,99.0
14287,1435993445408,97.0
14288,1435993445429,97.0
14289,1435993445447,102.0
14290,1435993445467,102.0
14291,1435993445490,108.0
14292,1435993445506,108.0
14293,1435993445530,122.0
14294,1435993445548,122.0
14295,1435993445569,167.0
14296,1435993445589,167.0
14297,1435993445607,244.0
14298,1435993445629,315.0
14299,1435993445648,315.0
14300,1435993445669,382.0
14301,1435993445689,382.0
14302,1435993445708,431.0
14303,1435993445727,431.0
14304,1435993445749,456.0
14305,1435993445769,456.0
14306,1435993445789,463.0
14307,1435993445809,463.0
14308,1435993445828,459.0
14309,1435993445849,467.0
14310,1435993445870,467.0
14311,1435993445889,454.0
14312,1435993445909,454.0
14313,1435993445929,438.0
14314,1435993445948,438.0
14315,1435993445968,422.0
14316,1435993445997,422.0
14317,1435993446008,379.0
14318,1435993446048,379.0
14319,1435993446049,340.0
14320,1435993446064,291.0
14321,1435993446087,291.0
14322,1435993446109,259.0
14323,1435993446125,259.0
14324,1435993446150,258.0
14325,1435993446166,258.0
14326,1435993446186,244.0
14327,1435993446209,244.0
14328,1435993446231,229.0
14329,1435993446249,229.0
14330,1435993446267,218.0
14331,1435993446291,202.0
14332,1435993446309,202.0
14333,1435993446329,186.0
14334,1435993446352,186.0
14335,1435993446370,169.0
14336,1435993446389,169.0
14337,1435993446409,147.0
14338,1435993446429,147.0
14339,1435993446447,129.0
14340,1435993446469,129.0
14341,1435993446489,114.0
14342,1435993446509,101.0
14343,1435993446530,101.0
14344,1435993446563,94.0
14345,1435993446568,94.0
14346,1435993446587,92.0
14347,1435993446605,92.0
14348,1435993446625,94.0
14349,1435993446646,94.0
14350,1435993446666,97.0
14351,1435993446686,97.0
14352,1435993446707,105.0
14353,1435993446725,129.0
14354,1435993446748,129.0
14355,1435993446769,192.0
14356,1435993446789,192.0
14357,1435993446806,277.0
14358,1435993446828,277.0
14359,1435993446850,348.0
14360,1435993446870,348.0
14361,1435993446889,409.0
14362,1435993446910,409.0
14363,1435993446931,459.0
14364,1435993446947,479.0
14365,1435993446969,479.0
14366,1435993446989,475.0
14367,1435993447057,475.0
14368,1435993447058,473.0
14369,1435993447059,473.0
14370,1435993447066,461.0
14371,1435993447085,461.0
14372,1435993447105,442.0
14373,1435993447126,442.0
14374,1435993447145,431.0
14375,1435993447166,414.0
14376,1435993447186,414.0
14377,1435993447207,385.0
14378,1435993447228,385.0
14379,1435993447251,340.0
14380,1435993447270,340.0
14381,1435993447288,300.0
14382,1435993447311,300.0
14383,1435993447359,262.0
14384,1435993447360,262.0
14385,1435993447372,239.0
14386,1435993447386,228.0
14387,1435993447407,228.0
14388,1435993447429,212.0
14389,1435993447446,212.0
14390,1435993447468,203.0
14391,1435993447490,203.0
14392,1435993447510,194.0
14393,1435993447530,194.0
14394,1435993447552,181.0
14395,1435993447570,181.0
14396,1435993447590,165.0
14397,1435993447611,146.0
14398,1435993447628,146.0
14399,1435993447648,127.0
14400,1435993447668,127.0
14401,1435993447687,109.0
14402,1435993447709,109.0
14403,1435993447729,97.0
14404,1435993447750,97.0
14405,1435993447771,92.0
14406,1435993447791,92.0
14407,1435993447808,92.0
14408,1435993447830,97.0
14409,1435993447851,97.0
14410,1435993447871,104.0
14411,1435993447891,104.0
14412,1435993447911,119.0
14413,1435993447929,119.0
14414,1435993447950,163.0
14415,1435993447978,163.0
14416,1435993448024,243.0
14417,1435993448025,243.0
14418,1435993448035,330.0
14419,1435993448054,401.0
14420,1435993448067,401.0
14421,1435993448089,455.0
14422,1435993448108,455.0
14423,1435993448128,493.0
14424,1435993448148,493.0
14425,1435993448169,508.0
14426,1435993448189,508.0
14427,1435993448211,499.0
14428,1435993448231,499.0
14429,1435993448252,496.0
14430,1435993448269,496.0
14431,1435993448290,492.0
14432,1435993448310,478.0
14433,1435993448332,478.0
14434,1435993448350,467.0
14435,1435993448370,467.0
14436,1435993448392,456.0
14437,1435993448408,456.0
14438,1435993448430,433.0
14439,1435993448451,433.0
14440,1435993448472,399.0
14441,1435993448493,399.0
14442,1435993448515,355.0
14443,1435993448529,294.0
14444,1435993448550,294.0
14445,1435993448573,261.0
14446,1435993448591,261.0
14447,1435993448610,241.0
14448,1435993448671,241.0
14449,1435993448672,239.0
14450,1435993448673,239.0
14451,1435993448689,234.0
14452,1435993448707,234.0
14453,1435993448728,224.0
14454,1435993448751,211.0
14455,1435993448767,211.0
14456,1435993448789,195.0
14457,1435993448809,195.0
14458,1435993448831,174.0
14459,1435993448851,174.0
14460,1435993448872,150.0
14461,1435993448891,150.0
14462,1435993448910,130.0
14463,1435993448932,130.0
14464,1435993448950,113.0
14465,1435993448972,104.0
14466,1435993448992,104.0
14467,1435993449015,102.0
14468,1435993449032,102.0
14469,1435993449056,109.0
14470,1435993449070,109.0
14471,1435993449094,122.0
14472,1435993449110,122.0
14473,1435993449133,143.0
14474,1435993449149,143.0
14475,1435993449170,188.0
14476,1435993449189,279.0
14477,1435993449216,279.0
14478,1435993449231,393.0
14479,1435993449253,393.0
14480,1435993449325,492.0
14481,1435993449326,492.0
14482,1435993449327,557.0
14483,1435993449332,557.0
14484,1435993449349,596.0
14485,1435993449370,596.0
14486,1435993449390,614.0
14487,1435993449409,613.0
14488,1435993449430,613.0
14489,1435993449452,610.0
14490,1435993449473,610.0
14491,1435993449490,616.0
14492,1435993449512,616.0
14493,1435993449531,602.0
14494,1435993449550,602.0
14495,1435993449572,591.0
14496,1435993449593,591.0
14497,1435993449616,580.0
14498,1435993449633,555.0
14499,1435993449650,555.0
14500,1435993449669,492.0
14501,1435993449690,492.0
14502,1435993449710,419.0
14503,1435993449729,419.0
14504,1435993449749,347.0
14505,1435993449771,347.0
14506,1435993449790,316.0
14507,1435993449811,316.0
14508,1435993449835,317.0
14509,1435993449852,317.0
14510,1435993449872,317.0
14511,1435993449895,313.0
14512,1435993449920,313.0
14513,1435993449964,298.0
14514,1435993449965,298.0
14515,1435993449970,279.0
14516,1435993449993,279.0
14517,1435993450011,255.0
14518,1435993450032,255.0
14519,1435993450050,225.0
14520,1435993450071,199.0
14521,1435993450091,199.0
14522,1435993450114,178.0
14523,1435993450132,178.0
14524,1435993450151,174.0
14525,1435993450170,174.0
14526,1435993450190,189.0
14527,1435993450212,189.0
14528,1435993450230,212.0
14529,1435993450253,212.0
14530,1435993450270,237.0
14531,1435993450294,253.0
14532,1435993450311,253.0
14533,1435993450334,259.0
14534,1435993450352,259.0
14535,1435993450374,270.0
14536,1435993450392,270.0
14537,1435993450414,328.0
14538,1435993450434,328.0
14539,1435993450484,440.0
14540,1435993450485,440.0
14541,1435993450493,590.0
14542,1435993450515,790.0
14543,1435993450534,790.0
14544,1435993450553,788.0
14545,1435993450576,788.0
14546,1435993450643,1163.0
14547,1435993450644,1163.0
14548,1435993450645,1545.0
14549,1435993450659,1545.0
14550,1435993450670,1795.0
14551,1435993450689,1795.0
14552,1435993450709,2111.0
14553,1435993450734,4766.0
14554,1435993450754,1556.0
14555,1435993450775,997.0
14556,1435993450794,997.0
14557,1435993450814,852.0
14558,1435993450831,852.0
14559,1435993450856,814.0
14560,1435993450874,814.0
14561,1435993450894,565.0
14562,1435993450915,565.0
14563,1435993450936,475.0
14564,1435993450951,475.0
14565,1435993450976,368.0
14566,1435993450993,512.0
14567,1435993451012,512.0
14568,1435993451033,550.0
14569,1435993451054,550.0
14570,1435993451074,440.0
14571,1435993451099,440.0
14572,1435993451116,399.0
14573,1435993451136,399.0
14574,1435993451153,363.0
14575,1435993451172,363.0
14576,1435993451205,338.0
14577,1435993451276,307.0
14578,1435993451277,307.0
14579,1435993451278,271.0
14580,1435993451279,271.0
14581,1435993451291,231.0
14582,1435993451314,231.0
14583,1435993451334,189.0
14584,1435993451353,189.0
14585,1435993451374,161.0
14586,1435993451392,161.0
14587,1435993451414,158.0
14588,1435993451434,176.0
14589,1435993451455,176.0
14590,1435993451478,205.0
14591,1435993451494,205.0
14592,1435993451515,233.0
14593,1435993451534,233.0
14594,1435993451554,265.0
14595,1435993451575,265.0
14596,1435993451595,319.0
14597,1435993451614,319.0
14598,1435993451635,422.0
14599,1435993451651,599.0
14600,1435993451676,599.0
14601,1435993451692,862.0
14602,1435993451711,862.0
14603,1435993451731,2283.0
14604,1435993451756,2283.0
14605,1435993451776,4590.0
14606,1435993451795,4590.0
14607,1435993451815,8423.0
14608,1435993451832,8423.0
14609,1435993451851,7173.0
14610,1435993451874,6229.0
14611,1435993451938,6229.0
14612,1435993451939,12922.0
14613,1435993451940,12922.0
14614,1435993451950,13535.0
14615,1435993451974,13535.0
14616,1435993451996,8907.0
14617,1435993452012,8907.0
14618,1435993452031,9237.0
14619,1435993452054,9237.0
14620,1435993452072,10500.0
14621,1435993452094,668.0
14622,1435993452125,668.0
14623,1435993452133,551.0
14624,1435993452152,551.0
14625,1435993452173,466.0
14626,1435993452193,466.0
14627,1435993452213,9032.0
14628,1435993452237,9032.0
14629,1435993452259,2964.0
14630,1435993452276,2964.0
14631,1435993452300,1401.0
14632,1435993452319,905.0
14633,1435993452332,905.0
14634,1435993452384,651.0
14635,1435993452385,651.0
14636,1435993452390,467.0
14637,1435993452413,467.0
14638,1435993452430,379.0
14639,1435993452450,379.0
14640,1435993452471,327.0
14641,1435993452490,327.0
14642,1435993452510,291.0
14643,1435993452535,259.0
14644,1435993452555,259.0
14645,1435993452573,240.0
14646,1435993452622,240.0
14647,1435993452623,250.0
14648,1435993452631,250.0
14649,1435993452652,283.0
14650,1435993452674,283.0
14651,1435993452694,341.0
14652,1435993452714,341.0
14653,1435993452736,420.0
14654,1435993452753,513.0
14655,1435993452777,513.0
14656,1435993452796,620.0
14657,1435993452816,620.0
14658,1435993452837,747.0
14659,1435993452855,747.0
14660,1435993452875,886.0
14661,1435993452896,886.0
14662,1435993452915,1024.0
14663,1435993452939,1024.0
14664,1435993452956,1111.0
14665,1435993452975,1076.0
14666,1435993452996,1076.0
14667,1435993453016,1004.0
14668,1435993453035,1004.0
14669,1435993453056,1017.0
14670,1435993453076,1017.0
14671,1435993453096,1058.0
14672,1435993453115,1058.0
14673,1435993453136,1101.0
14674,1435993453155,1101.0
14675,1435993453176,1149.0
14676,1435993453197,1338.0
14677,1435993453215,1338.0
14678,1435993453242,1403.0
14679,1435993453302,1403.0
14680,1435993453303,1196.0
14681,1435993453304,1196.0
14682,1435993453318,782.0
14683,1435993453331,782.0
14684,1435993453352,686.0
14685,1435993453377,686.0
14686,1435993453392,586.0
14687,1435993453414,822.0
14688,1435993453438,822.0
14689,1435993453455,782.0
14690,1435993453476,782.0
14691,1435993453497,693.0
14692,1435993453516,693.0
14693,1435993453537,676.0
14694,1435993453558,676.0
14695,1435993453576,672.0
14696,1435993453596,672.0
14697,1435993453619,666.0
14698,1435993453635,656.0
14699,1435993453655,656.0
14700,1435993453677,647.0
14701,1435993453694,647.0
14702,1435993453714,626.0
14703,1435993453735,626.0
14704,1435993453758,565.0
14705,1435993453774,565.0
14706,1435993453794,473.0
14707,1435993453814,473.0
14708,1435993453833,381.0
14709,1435993453854,318.0
14710,1435993453874,318.0
14711,1435993453895,287.0
14712,1435993453961,287.0
14713,1435993453964,275.0
14714,1435993453965,275.0
14715,1435993453979,269.0
14716,1435993454003,269.0
14717,1435993454014,294.0
14718,1435993454035,294.0
14719,1435993454054,397.0
14720,1435993454077,397.0
14721,1435993454096,538.0
14722,1435993454117,922.0
14723,1435993454137,922.0
14724,1435993454155,1880.0
14725,1435993454174,1880.0
14726,1435993454195,1429.0
14727,1435993454214,1429.0
14728,1435993454241,1075.0
14729,1435993454255,1075.0
14730,1435993454278,1177.0
14731,1435993454297,1177.0
14732,1435993454315,1491.0
14733,1435993454338,1292.0
14734,1435993454357,1292.0
14735,1435993454377,943.0
14736,1435993454397,943.0
14737,1435993454416,931.0
14738,1435993454438,931.0
14739,1435993454460,846.0
14740,1435993454479,846.0
14741,1435993454497,626.0
14742,1435993454517,626.0
14743,1435993454536,515.0
14744,1435993454556,418.0
14745,1435993454588,418.0
14746,1435993454644,839.0
14747,1435993454645,839.0
14748,1435993454646,854.0
14749,1435993454658,854.0
14750,1435993454673,602.0
14751,1435993454696,602.0
14752,1435993454718,482.0
14753,1435993454736,482.0
14754,1435993454757,417.0
14755,1435993454777,377.0
14756,1435993454797,377.0
14757,1435993454820,348.0
14758,1435993454838,348.0
14759,1435993454855,307.0
14760,1435993454878,307.0
14761,1435993454897,258.0
14762,1435993454917,258.0
14763,1435993454938,213.0
14764,1435993454965,213.0
14765,1435993454977,174.0
14766,1435993454995,157.0
14767,1435993455013,157.0
14768,1435993455038,169.0
14769,1435993455060,169.0
14770,1435993455076,196.0
14771,1435993455094,196.0
14772,1435993455114,220.0
14773,1435993455136,220.0
14774,1435993455168,236.0
14775,1435993455185,236.0
14776,1435993455196,253.0
14777,1435993455214,308.0
14778,1435993455238,308.0
14779,1435993455270,414.0
14780,1435993455274,414.0
14781,1435993455295,640.0
14782,1435993455313,640.0
14783,1435993455335,1949.0
14784,1435993455356,1949.0
14785,1435993455376,2679.0
14786,1435993455395,2679.0
14787,1435993455417,6756.0
14788,1435993455438,5754.0
14789,1435993455458,5754.0
14790,1435993455477,2919.0
14791,1435993455498,2919.0
14792,1435993455518,8927.0
14793,1435993455539,8927.0
14794,1435993455558,13250.0
14795,1435993455578,13250.0
14796,1435993455599,15119.0
14797,1435993455617,15119.0
14798,1435993455638,12113.0
14799,1435993455657,4919.0
14800,1435993455677,4919.0
14801,1435993455698,538.0
14802,1435993455718,538.0
14803,1435993455740,443.0
14804,1435993455760,443.0
14805,1435993455780,691.0
14806,1435993455798,691.0
14807,1435993455818,1418.0
14808,1435993455837,1418.0
14809,1435993455857,850.0
14810,1435993455877,621.0
14811,1435993455939,621.0
14812,1435993455940,540.0
14813,1435993455941,540.0
14814,1435993455957,453.0
14815,1435993455976,453.0
14816,1435993455996,372.0
14817,1435993456018,372.0
14818,1435993456038,315.0
14819,1435993456056,315.0
14820,1435993456081,267.0
14821,1435993456100,225.0
14822,1435993456116,225.0
14823,1435993456136,192.0
14824,1435993456156,192.0
14825,1435993456174,169.0
14826,1435993456195,169.0
14827,1435993456214,161.0
14828,1435993456235,161.0
14829,1435993456261,158.0
14830,1435993456277,158.0
14831,1435993456299,159.0
14832,1435993456319,161.0
14833,1435993456338,161.0
14834,1435993456358,168.0
14835,1435993456379,168.0
14836,1435993456399,198.0
14837,1435993456419,198.0
14838,1435993456440,293.0
14839,1435993456459,293.0
14840,1435993456481,439.0
14841,1435993456500,439.0
14842,1435993456519,595.0
14843,1435993456540,915.0
14844,1435993456584,915.0
14845,1435993456585,1021.0
14846,1435993456601,1021.0
14847,1435993456622,816.0
14848,1435993456636,816.0
14849,1435993456656,807.0
14850,1435993456679,807.0
14851,1435993456696,821.0
14852,1435993456717,821.0
14853,1435993456740,953.0
14854,1435993456759,773.0
14855,1435993456779,773.0
14856,1435993456799,778.0
14857,1435993456819,778.0
14858,1435993456839,1133.0
14859,1435993456860,1133.0
14860,1435993456879,1046.0
14861,1435993456899,1046.0
14862,1435993456920,574.0
14863,1435993456940,574.0
14864,1435993456957,503.0
14865,1435993456980,422.0
14866,1435993456997,422.0
14867,1435993457016,488.0
14868,1435993457038,488.0
14869,1435993457062,397.0
14870,1435993457082,397.0
14871,1435993457105,340.0
14872,1435993457119,340.0
14873,1435993457137,328.0
14874,1435993457160,328.0
14875,1435993457178,318.0
14876,1435993457197,318.0
14877,1435993457295,299.0
14878,1435993457296,275.0
14879,1435993457297,275.0
14880,1435993457298,244.0
14881,1435993457299,244.0
14882,1435993457315,212.0
14883,1435993457336,212.0
14884,1435993457357,183.0
14885,1435993457379,183.0
14886,1435993457396,160.0
14887,1435993457415,160.0
14888,1435993457436,150.0
14889,1435993457456,148.0
14890,1435993457475,148.0
14891,1435993457496,147.0
14892,1435993457516,147.0
14893,1435993457536,150.0
14894,1435993457556,150.0
14895,1435993457577,165.0
14896,1435993457596,165.0
14897,1435993457619,219.0
14898,1435993457640,219.0
14899,1435993457658,328.0
14900,1435993457680,466.0
14901,1435993457700,466.0
14902,1435993457720,633.0
14903,1435993457745,633.0
14904,1435993457760,762.0
14905,1435993457780,762.0
14906,1435993457800,838.0
14907,1435993457819,838.0
14908,1435993457839,852.0
14909,1435993457928,852.0
14910,1435993457929,854.0
14911,1435993457930,871.0
14912,1435993457931,871.0
14913,1435993457943,829.0
14914,1435993457956,829.0
14915,1435993457976,816.0
14916,1435993457997,816.0
14917,1435993458018,801.0
14918,1435993458040,801.0
14919,1435993458061,719.0
14920,1435993458079,719.0
14921,1435993458100,623.0
14922,1435993458120,506.0
14923,1435993458140,506.0
14924,1435993458160,392.0
14925,1435993458179,392.0
14926,1435993458204,361.0
14927,1435993458222,361.0
14928,1435993458239,374.0
14929,1435993458260,374.0
14930,1435993458282,368.0
14931,1435993458301,368.0
14932,1435993458320,359.0
14933,1435993458340,341.0
14934,1435993458361,341.0
14935,1435993458381,311.0
14936,1435993458402,311.0
14937,1435993458426,279.0
14938,1435993458440,279.0
14939,1435993458459,240.0
14940,1435993458479,240.0
14941,1435993458543,199.0
14942,1435993458544,199.0
14943,1435993458545,164.0
14944,1435993458561,142.0
14945,1435993458580,142.0
14946,1435993458597,137.0
14947,1435993458617,137.0
14948,1435993458638,142.0
14949,1435993458660,142.0
14950,1435993458679,152.0
14951,1435993458701,152.0
14952,1435993458722,162.0
14953,1435993458740,162.0
14954,1435993458763,180.0
14955,1435993458779,232.0
14956,1435993458797,232.0
14957,1435993458819,343.0
14958,1435993458839,343.0
14959,1435993458860,486.0
14960,1435993458881,486.0
14961,1435993458901,639.0
14962,1435993458924,639.0
14963,1435993458938,763.0
14964,1435993458959,763.0
14965,1435993458978,1047.0
14966,1435993458998,1082.0
14967,1435993459022,1082.0
14968,1435993459042,854.0
14969,1435993459062,854.0
14970,1435993459082,856.0
14971,1435993459101,856.0
14972,1435993459119,947.0
14973,1435993459141,947.0
14974,1435993459169,1028.0
14975,1435993459249,1028.0
14976,1435993459250,1090.0
14977,1435993459251,1098.0
14978,1435993459252,1098.0
14979,1435993459262,585.0
14980,1435993459277,585.0
14981,1435993459299,445.0
14982,1435993459324,445.0
14983,1435993459341,396.0
14984,1435993459359,396.0
14985,1435993459383,459.0
14986,1435993459401,459.0
14987,1435993459424,385.0
14988,1435993459441,373.0
14989,1435993459459,373.0
14990,1435993459479,363.0
14991,1435993459501,363.0
14992,1435993459521,342.0
14993,1435993459539,342.0
14994,1435993459566,308.0
14995,1435993459579,308.0
14996,1435993459602,269.0
14997,1435993459622,269.0
14998,1435993459640,226.0
14999,1435993459735,189.0
15000,1435993459736,189.0
15001,1435993459737,160.0
15002,1435993459738,160.0
15003,1435993459739,146.0
15004,1435993459758,146.0
15005,1435993459782,144.0
15006,1435993459801,144.0
15007,1435993459820,149.0
15008,1435993459844,149.0
15009,1435993459910,155.0
15010,1435993459911,171.0
15011,1435993459912,171.0
15012,1435993459929,225.0
15013,1435993459938,225.0
15014,1435993459958,330.0
15015,1435993459978,330.0
15016,1435993459998,445.0
15017,1435993460022,445.0
15018,1435993460045,682.0
15019,1435993460060,682.0
15020,1435993460083,1308.0
15021,1435993460101,1308.0
15022,1435993460122,916.0
15023,1435993460142,875.0
15024,1435993460169,875.0
15025,1435993460179,949.0
15026,1435993460199,949.0
15027,1435993460219,1010.0
15028,1435993460241,1010.0
15029,1435993460258,1036.0
15030,1435993460279,1036.0
15031,1435993460299,885.0
15032,1435993460318,885.0
15033,1435993460341,795.0
15034,1435993460361,682.0
15035,1435993460385,682.0
15036,1435993460403,506.0
15037,1435993460421,506.0
15038,1435993460440,375.0
15039,1435993460521,375.0
15040,1435993460522,313.0
15041,1435993460523,313.0
15042,1435993460524,386.0
15043,1435993460542,386.0
15044,1435993460560,440.0
15045,1435993460582,416.0
15046,1435993460604,416.0
15047,1435993460621,390.0
15048,1435993460644,390.0
15049,1435993460664,362.0
15050,1435993460685,362.0
15051,1435993460707,329.0
15052,1435993460723,329.0
15053,1435993460744,293.0
15054,1435993460764,293.0
15055,1435993460783,253.0
15056,1435993460804,208.0
15057,1435993460824,208.0
15058,1435993460844,169.0
15059,1435993460861,169.0
15060,1435993460884,155.0
15061,1435993460908,155.0
15062,1435993460922,156.0
15063,1435993460941,156.0
15064,1435993460960,161.0
15065,1435993460980,161.0
15066,1435993461001,169.0
15067,1435993461023,179.0
15068,1435993461047,179.0
15069,1435993461062,201.0
15070,1435993461083,201.0
15071,1435993461103,257.0
15072,1435993461122,257.0
15073,1435993461167,379.0
15074,1435993461168,379.0
15075,1435993461181,541.0
15076,1435993461201,541.0
15077,1435993461220,802.0
15078,1435993461243,933.0
15079,1435993461259,933.0
15080,1435993461281,967.0
15081,1435993461301,967.0
15082,1435993461323,985.0
15083,1435993461344,985.0
15084,1435993461368,965.0
15085,1435993461384,965.0
15086,1435993461402,986.0
15087,1435993461422,986.0
15088,1435993461441,995.0
15089,1435993461461,942.0
15090,1435993461482,942.0
15091,1435993461501,910.0
15092,1435993461521,910.0
15093,1435993461545,836.0
15094,1435993461562,836.0
15095,1435993461582,717.0
15096,1435993461602,717.0
15097,1435993461624,559.0
15098,1435993461644,559.0
15099,1435993461669,444.0
15100,1435993461684,412.0
15101,1435993461702,412.0
15102,1435993461724,414.0
15103,1435993461741,414.0
15104,1435993461764,426.0
15105,1435993461843,426.0
15106,1435993461844,403.0
15107,1435993461845,403.0
15108,1435993461846,374.0
15109,1435993461860,374.0
15110,1435993461885,339.0
15111,1435993461904,300.0
15112,1435993461921,300.0
15113,1435993461940,256.0
15114,1435993461961,256.0
15115,1435993461980,213.0
15116,1435993462000,213.0
15117,1435993462024,181.0
15118,1435993462041,181.0
15119,1435993462065,159.0
15120,1435993462084,159.0
15121,1435993462104,152.0
15122,1435993462124,158.0
15123,1435993462147,158.0
15124,1435993462164,168.0
15125,1435993462184,168.0
15126,1435993462210,178.0
15127,1435993462227,178.0
15128,1435993462247,193.0
15129,1435993462262,193.0
15130,1435993462284,235.0
15131,1435993462302,235.0
15132,1435993462322,319.0
15133,1435993462348,447.0
15134,1435993462368,447.0
15135,1435993462413,608.0
15136,1435993462428,608.0
15137,1435993462429,790.0
15138,1435993462441,790.0
15139,1435993462470,914.0
15140,1435993462480,914.0
15141,1435993462501,1057.0
15142,1435993462520,1057.0
15143,1435993462540,944.0
15144,1435993462561,928.0
15145,1435993462580,928.0
15146,1435993462600,905.0
15147,1435993462621,905.0
15148,1435993462640,858.0
15149,1435993462660,858.0
15150,1435993462681,830.0
15151,1435993462700,830.0
15152,1435993462720,791.0
15153,1435993462741,791.0
15154,1435993462760,675.0
15155,1435993462788,503.0
15156,1435993462809,503.0
15157,1435993462823,401.0
15158,1435993462867,401.0
15159,1435993462868,398.0
15160,1435993462882,398.0
15161,1435993462902,476.0
15162,1435993462930,476.0
15163,1435993462945,499.0
15164,1435993462968,499.0
15165,1435993462987,461.0
15166,1435993463014,461.0
15167,1435993463047,394.0
15168,1435993463048,355.0
15169,1435993463068,355.0
15170,1435993463083,337.0
15171,1435993463102,337.0
15172,1435993463121,304.0
15173,1435993463142,304.0
15174,1435993463163,263.0
15175,1435993463183,263.0
15176,1435993463205,231.0
15177,1435993463226,231.0
15178,1435993463245,208.0
15179,1435993463263,206.0
15180,1435993463286,206.0
15181,1435993463305,221.0
15182,1435993463325,221.0
15183,1435993463346,240.0
15184,1435993463365,240.0
15185,1435993463386,255.0
15186,1435993463406,255.0
15187,1435993463426,260.0
15188,1435993463446,260.0
15189,1435993463466,264.0
15190,1435993463485,303.0
15191,1435993463507,303.0
15192,1435993463527,379.0
15193,1435993463547,379.0
15194,1435993463565,469.0
15195,1435993463586,469.0
15196,1435993463605,554.0
15197,1435993463625,554.0
15198,1435993463655,587.0
15199,1435993463709,587.0
15200,1435993463710,554.0
15201,1435993463711,497.0
15202,1435993463722,497.0
15203,1435993463750,466.0
15204,1435993463763,466.0
15205,1435993463785,445.0
15206,1435993463807,445.0
15207,1435993463825,423.0
15208,1435993463844,423.0
15209,1435993463864,418.0
15210,1435993463887,418.0
15211,1435993463907,420.0
15212,1435993463928,416.0
15213,1435993463947,416.0
15214,1435993463966,411.0
15215,1435993463986,411.0
15216,1435993464009,408.0
15217,1435993464026,408.0
15218,1435993464046,404.0
15219,1435993464066,404.0
15220,1435993464086,401.0
15221,1435993464106,401.0
15222,1435993464128,399.0
15223,1435993464145,397.0
15224,1435993464165,397.0
15225,1435993464189,392.0
15226,1435993464209,392.0
15227,1435993464229,387.0
15228,1435993464249,387.0
15229,1435993464265,384.0
15230,1435993464285,384.0
15231,1435993464308,381.0
15232,1435993464332,381.0
15233,1435993464393,377.0
15234,1435993464394,371.0
15235,1435993464395,371.0
15236,1435993464413,360.0
15237,1435993464426,360.0
15238,1435993464443,345.0
15239,1435993464463,345.0
15240,1435993464485,324.0
15241,1435993464503,324.0
15242,1435993464523,301.0
15243,1435993464547,301.0
15244,1435993464567,274.0
15245,1435993464587,242.0
15246,1435993464607,242.0
15247,1435993464627,213.0
15248,1435993464647,213.0
15249,1435993464667,195.0
15250,1435993464687,195.0
15251,1435993464708,189.0
15252,1435993464725,189.0
15253,1435993464744,188.0
15254,1435993464765,188.0
15255,1435993464787,194.0
15256,1435993464807,208.0
15257,1435993464827,208.0
15258,1435993464848,233.0
15259,1435993464867,233.0
15260,1435993464887,267.0
15261,1435993464908,267.0
15262,1435993464927,301.0
15263,1435993464948,301.0
15264,1435993464969,335.0
15265,1435993464987,335.0
15266,1435993465031,364.0
15267,1435993465032,381.0
15268,1435993465049,381.0
15269,1435993465067,382.0
15270,1435993465087,382.0
15271,1435993465103,370.0
15272,1435993465125,370.0
15273,1435993465146,358.0
15274,1435993465165,358.0
15275,1435993465187,348.0
15276,1435993465207,348.0
15277,1435993465227,340.0
15278,1435993465245,334.0
15279,1435993465268,334.0
15280,1435993465287,323.0
15281,1435993465307,323.0
15282,1435993465325,307.0
15283,1435993465344,307.0
15284,1435993465365,287.0
15285,1435993465385,287.0
15286,1435993465409,262.0
15287,1435993465428,262.0
15288,1435993465450,246.0
15289,1435993465468,260.0
15290,1435993465486,260.0
15291,1435993465510,282.0
15292,1435993465527,282.0
15293,1435993465548,279.0
15294,1435993465570,279.0
15295,1435993465588,267.0
15296,1435993465608,267.0
15297,1435993465629,252.0
15298,1435993465648,252.0
15299,1435993465696,237.0
15300,1435993465697,224.0
15301,1435993465704,224.0
15302,1435993465724,209.0
15303,1435993465744,209.0
15304,1435993465764,193.0
15305,1435993465786,193.0
15306,1435993465809,176.0
15307,1435993465824,176.0
15308,1435993465848,166.0
15309,1435993465868,166.0
15310,1435993465887,164.0
15311,1435993465907,161.0
15312,1435993465929,161.0
15313,1435993465948,160.0
15314,1435993465968,160.0
15315,1435993465989,166.0
15316,1435993466008,166.0
15317,1435993466028,186.0
15318,1435993466048,186.0
15319,1435993466068,216.0
15320,1435993466088,216.0
15321,1435993466109,248.0
15322,1435993466128,248.0
15323,1435993466147,280.0
15324,1435993466168,310.0
15325,1435993466188,310.0
15326,1435993466208,330.0
15327,1435993466229,330.0
15328,1435993466248,338.0
15329,1435993466267,338.0
15330,1435993466288,329.0
15331,1435993466315,329.0
15332,1435993466375,316.0
15333,1435993466376,316.0
15334,1435993466377,302.0
15335,1435993466389,286.0
15336,1435993466404,286.0
15337,1435993466424,278.0
15338,1435993466446,278.0
15339,1435993466469,268.0
15340,1435993466487,268.0
15341,1435993466509,252.0
15342,1435993466529,252.0
15343,1435993466547,232.0
15344,1435993466569,232.0
15345,1435993466589,222.0
15346,1435993466608,234.0
15347,1435993466629,234.0
15348,1435993466651,244.0
15349,1435993466671,244.0
15350,1435993466689,233.0
15351,1435993466711,233.0
15352,1435993466729,219.0
15353,1435993466749,219.0
15354,1435993466770,207.0
15355,1435993466789,207.0
15356,1435993466809,197.0
15357,1435993466830,190.0
15358,1435993466848,190.0
15359,1435993466869,185.0
15360,1435993466891,185.0
15361,1435993466909,181.0
15362,1435993466928,181.0
15363,1435993466948,175.0
15364,1435993466975,175.0
15365,1435993467029,165.0
15366,1435993467030,165.0
15367,1435993467031,156.0
15368,1435993467046,153.0
15369,1435993467065,153.0
15370,1435993467087,151.0
15371,1435993467109,151.0
15372,1435993467127,153.0
15373,1435993467147,153.0
15374,1435993467169,151.0
15375,1435993467190,151.0
15376,1435993467209,146.0
15377,1435993467229,146.0
15378,1435993467248,146.0
15379,1435993467269,153.0
15380,1435993467289,153.0
15381,1435993467310,165.0
15382,1435993467329,165.0
15383,1435993467349,177.0
15384,1435993467374,177.0
15385,1435993467392,192.0
15386,1435993467409,192.0
15387,1435993467427,218.0
15388,1435993467449,218.0
15389,1435993467469,256.0
15390,1435993467488,291.0
15391,1435993467533,291.0
15392,1435993467534,308.0
15393,1435993467551,308.0
15394,1435993467565,304.0
15395,1435993467585,304.0
15396,1435993467606,300.0
15397,1435993467625,300.0
15398,1435993467645,297.0
15399,1435993467666,297.0
15400,1435993467685,286.0
15401,1435993467706,274.0
15402,1435993467726,274.0
15403,1435993467745,264.0
15404,1435993467769,264.0
15405,1435993467791,252.0
15406,1435993467809,252.0
15407,1435993467830,246.0
15408,1435993467852,246.0
15409,1435993467870,247.0
15410,1435993467890,247.0
15411,1435993467909,262.0
15412,1435993467929,260.0
15413,1435993467950,260.0
15414,1435993467973,244.0
15415,1435993467988,244.0
15416,1435993468009,224.0
15417,1435993468030,224.0
15418,1435993468050,210.0
15419,1435993468071,210.0
15420,1435993468092,197.0
15421,1435993468111,197.0
15422,1435993468136,186.0
15423,1435993468149,176.0
15424,1435993468168,176.0
15425,1435993468194,165.0
15426,1435993468240,165.0
15427,1435993468241,156.0
15428,1435993468254,156.0
15429,1435993468276,151.0
15430,1435993468288,151.0
15431,1435993468308,154.0
15432,1435993468329,154.0
15433,1435993468347,161.0
15434,1435993468367,165.0
15435,1435993468390,165.0
15436,1435993468411,165.0
15437,1435993468431,165.0
15438,1435993468450,171.0
15439,1435993468470,171.0
15440,1435993468490,184.0
15441,1435993468509,184.0
15442,1435993468530,203.0
15443,1435993468551,203.0
15444,1435993468571,231.0
15445,1435993468590,265.0
15446,1435993468611,265.0
15447,1435993468636,291.0
15448,1435993468648,291.0
15449,1435993468668,310.0
15450,1435993468689,310.0
15451,1435993468708,322.0
15452,1435993468728,322.0
15453,1435993468750,317.0
15454,1435993468770,317.0
15455,1435993468810,304.0
15456,1435993468811,294.0
15457,1435993468828,294.0
15458,1435993468849,286.0
15459,1435993468885,286.0
15460,1435993468887,276.0
15461,1435993468910,276.0
15462,1435993468928,269.0
15463,1435993468946,269.0
15464,1435993468966,266.0
15465,1435993468988,266.0
15466,1435993469007,262.0
15467,1435993469027,261.0
15468,1435993469049,261.0
15469,1435993469067,264.0
15470,1435993469088,264.0
15471,1435993469110,271.0
15472,1435993469127,271.0
15473,1435993469147,267.0
15474,1435993469171,267.0
15475,1435993469188,247.0
15476,1435993469208,247.0
15477,1435993469231,229.0
15478,1435993469248,215.0
15479,1435993469267,215.0
15480,1435993469291,202.0
15481,1435993469307,202.0
15482,1435993469327,191.0
15483,1435993469351,191.0
15484,1435993469368,182.0
15485,1435993469388,182.0
15486,1435993469410,172.0
15487,1435993469428,172.0
15488,1435993469448,163.0
15489,1435993469468,163.0
15490,1435993469487,158.0
15491,1435993469507,157.0
15492,1435993469529,157.0
15493,1435993469547,158.0
15494,1435993469567,158.0
15495,1435993469588,160.0
15496,1435993469607,160.0
15497,1435993469627,154.0
15498,1435993469649,154.0
15499,1435993469668,148.0
15500,1435993469689,148.0
15501,1435993469708,152.0
15502,1435993469729,171.0
15503,1435993469748,171.0
15504,1435993469770,195.0
15505,1435993469789,195.0
15506,1435993469809,224.0
15507,1435993469832,224.0
15508,1435993469855,253.0
15509,1435993469869,253.0
15510,1435993469889,276.0
15511,1435993469907,276.0
15512,1435993469928,295.0
15513,1435993469948,307.0
15514,1435993469968,307.0
15515,1435993469987,300.0
15516,1435993470009,300.0
15517,1435993470028,284.0
15518,1435993470049,284.0
15519,1435993470070,274.0
15520,1435993470089,274.0
15521,1435993470109,265.0
15522,1435993470177,265.0
15523,1435993470178,259.0
15524,1435993470179,256.0
15525,1435993470195,256.0
15526,1435993470208,246.0
15527,1435993470228,246.0
15528,1435993470265,241.0
15529,1435993470273,241.0
15530,1435993470288,242.0
15531,1435993470310,242.0
15532,1435993470328,252.0
15533,1435993470348,252.0
15534,1435993470370,256.0
15535,1435993470388,241.0
15536,1435993470408,241.0
15537,1435993470430,222.0
15538,1435993470448,222.0
15539,1435993470480,207.0
15540,1435993470490,207.0
15541,1435993470508,195.0
15542,1435993470528,195.0
15543,1435993470550,187.0
15544,1435993470568,187.0
15545,1435993470589,179.0
15546,1435993470616,170.0
15547,1435993470634,170.0
15548,1435993470656,161.0
15549,1435993470713,161.0
15550,1435993470714,152.0
15551,1435993470715,152.0
15552,1435993470731,146.0
15553,1435993470748,146.0
15554,1435993470768,144.0
15555,1435993470790,144.0
15556,1435993470808,145.0
15557,1435993470828,145.0
15558,1435993470849,145.0
15559,1435993470873,148.0
15560,1435993470889,148.0
15561,1435993470911,162.0
15562,1435993470930,162.0
15563,1435993470954,189.0
15564,1435993470973,189.0
15565,1435993470991,218.0
15566,1435993471011,218.0
15567,1435993471034,253.0
15568,1435993471054,290.0
15569,1435993471072,290.0
15570,1435993471094,318.0
15571,1435993471111,318.0
15572,1435993471133,338.0
15573,1435993471168,338.0
15574,1435993471172,342.0
15575,1435993471213,342.0
15576,1435993471214,335.0
15577,1435993471229,335.0
15578,1435993471250,326.0
15579,1435993471270,322.0
15580,1435993471290,322.0
15581,1435993471311,312.0
15582,1435993471331,312.0
15583,1435993471352,300.0
15584,1435993471370,300.0
15585,1435993471394,298.0
15586,1435993471411,298.0
15587,1435993471459,297.0
15588,1435993471460,297.0
15589,1435993471469,290.0
15590,1435993471489,291.0
15591,1435993471509,291.0
15592,1435993471529,297.0
15593,1435993471549,297.0
15594,1435993471570,287.0
15595,1435993471589,287.0
15596,1435993471609,280.0
15597,1435993471637,280.0
15598,1435993471652,290.0
15599,1435993471670,290.0
15600,1435993471694,285.0
15601,1435993471711,278.0
15602,1435993471731,278.0
15603,1435993471756,261.0
15604,1435993471771,261.0
15605,1435993471791,236.0
15606,1435993471831,236.0
15607,1435993471832,216.0
15608,1435993471851,216.0
15609,1435993471874,202.0
15610,1435993471894,202.0
15611,1435993471919,189.0
15612,1435993471934,175.0
15613,1435993471952,175.0
15614,1435993471972,164.0
15615,1435993471992,164.0
15616,1435993472014,167.0
15617,1435993472031,167.0
15618,1435993472082,175.0
15619,1435993472083,175.0
15620,1435993472090,183.0
15621,1435993472111,183.0
15622,1435993472132,200.0
15623,1435993472153,229.0
15624,1435993472172,229.0
15625,1435993472190,270.0
15626,1435993472212,270.0
15627,1435993472232,305.0
15628,1435993472251,305.0
15629,1435993472270,336.0
15630,1435993472291,336.0
15631,1435993472311,362.0
15632,1435993472332,362.0
15633,1435993472355,382.0
15634,1435993472370,395.0
15635,1435993472390,395.0
15636,1435993472410,400.0
15637,1435993472430,400.0
15638,1435993472451,398.0
15639,1435993472470,398.0
15640,1435993472490,386.0
15641,1435993472510,386.0
15642,1435993472530,367.0
15643,1435993472550,367.0
15644,1435993472570,360.0
15645,1435993472591,360.0
15646,1435993472610,354.0
15647,1435993472630,349.0
15648,1435993472651,349.0
15649,1435993472670,354.0
15650,1435993472690,354.0
15651,1435993472713,356.0
15652,1435993472731,356.0
15653,1435993472751,353.0
15654,1435993472771,353.0
15655,1435993472791,332.0
15656,1435993472811,332.0
15657,1435993472832,337.0
15658,1435993472860,357.0
15659,1435993472875,357.0
15660,1435993472896,355.0
15661,1435993472912,355.0
15662,1435993472935,350.0
15663,1435993472956,350.0
15664,1435993472974,343.0
15665,1435993472996,343.0
15666,1435993473015,336.0
15667,1435993473035,336.0
15668,1435993473055,330.0
15669,1435993473074,326.0
15670,1435993473094,326.0
15671,1435993473120,323.0
15672,1435993473135,323.0
15673,1435993473155,322.0
15674,1435993473175,322.0
15675,1435993473195,322.0
15676,1435993473215,322.0
15677,1435993473235,322.0
15678,1435993473256,322.0
15679,1435993473274,303.0
15680,1435993473320,259.0
15681,1435993473321,259.0
15682,1435993473331,214.0
15683,1435993473352,214.0
15684,1435993473372,206.0
15685,1435993473391,206.0
15686,1435993473412,236.0
15687,1435993473433,236.0
15688,1435993473453,276.0
15689,1435993473476,276.0
15690,1435993473496,317.0
15691,1435993473519,362.0
15692,1435993473538,362.0
15693,1435993473556,396.0
15694,1435993473575,396.0
15695,1435993473595,420.0
15696,1435993473616,420.0
15697,1435993473635,433.0
15698,1435993473655,433.0
15699,1435993473676,436.0
15700,1435993473696,436.0
15701,1435993473713,432.0
15702,1435993473733,425.0
15703,1435993473752,425.0
15704,1435993473773,419.0
15705,1435993473798,419.0
15706,1435993473818,417.0
15707,1435993473838,417.0
15708,1435993473856,411.0
15709,1435993473876,411.0
15710,1435993473905,409.0
15711,1435993473927,409.0
15712,1435993473931,413.0
15713,1435993473956,411.0
15714,1435993473981,411.0
15715,1435993473997,394.0
15716,1435993474014,394.0
15717,1435993474034,394.0
15718,1435993474053,394.0
15719,1435993474076,435.0
15720,1435993474096,435.0
15721,1435993474114,464.0
15722,1435993474136,464.0
15723,1435993474159,469.0
15724,1435993474177,441.0
15725,1435993474193,441.0
15726,1435993474218,400.0
15727,1435993474243,400.0
15728,1435993474255,377.0
15729,1435993474279,377.0
15730,1435993474296,374.0
15731,1435993474316,374.0
15732,1435993474336,372.0
15733,1435993474353,372.0
15734,1435993474376,370.0
15735,1435993474395,368.0
15736,1435993474416,368.0
15737,1435993474462,368.0
15738,1435993474463,368.0
15739,1435993474476,376.0
15740,1435993474496,376.0
15741,1435993474517,424.0
15742,1435993474535,424.0
15743,1435993474556,501.0
15744,1435993474575,501.0
15745,1435993474596,595.0
15746,1435993474614,687.0
15747,1435993474705,687.0
15748,1435993474706,749.0
15749,1435993474707,749.0
15750,1435993474708,759.0
15751,1435993474714,759.0
15752,1435993474732,696.0
15753,1435993474755,696.0
15754,1435993474772,610.0
15755,1435993474792,610.0
15756,1435993474813,528.0
15757,1435993474832,468.0
15758,1435993474852,468.0
15759,1435993474873,436.0
15760,1435993474892,436.0
15761,1435993474913,421.0
15762,1435993474933,421.0
15763,1435993474953,416.0
15764,1435993474972,416.0
15765,1435993474994,409.0
15766,1435993475013,409.0
15767,1435993475033,407.0
15768,1435993475057,404.0
15769,1435993475075,404.0
15770,1435993475096,399.0
15771,1435993475118,399.0
15772,1435993475138,397.0
15773,1435993475159,397.0
15774,1435993475177,399.0
15775,1435993475196,399.0
15776,1435993475216,397.0
15777,1435993475237,397.0
15778,1435993475263,389.0
15779,1435993475336,383.0
15780,1435993475337,383.0
15781,1435993475338,456.0
15782,1435993475339,456.0
15783,1435993475357,524.0
15784,1435993475373,524.0
15785,1435993475395,462.0
15786,1435993475418,462.0
15787,1435993475434,429.0
15788,1435993475457,429.0
15789,1435993475479,407.0
15790,1435993475497,396.0
15791,1435993475518,396.0
15792,1435993475540,393.0
15793,1435993475557,393.0
15794,1435993475577,393.0
15795,1435993475598,393.0
15796,1435993475617,394.0
15797,1435993475637,394.0
15798,1435993475657,393.0
15799,1435993475677,393.0
15800,1435993475697,380.0
15801,1435993475718,380.0
15802,1435993475737,351.0
15803,1435993475756,317.0
15804,1435993475791,317.0
15805,1435993475798,282.0
15806,1435993475817,282.0
15807,1435993475835,250.0
15808,1435993475853,250.0
15809,1435993475879,220.0
15810,1435993475896,220.0
15811,1435993475919,195.0
15812,1435993475950,195.0
15813,1435993475956,181.0
15814,1435993475974,187.0
15815,1435993475994,187.0
15816,1435993476016,208.0
15817,1435993476035,208.0
15818,1435993476054,237.0
15819,1435993476077,237.0
15820,1435993476098,271.0
15821,1435993476118,271.0
15822,1435993476139,310.0
15823,1435993476158,310.0
15824,1435993476177,344.0
15825,1435993476199,359.0
15826,1435993476218,359.0
15827,1435993476238,358.0
15828,1435993476259,358.0
15829,1435993476278,350.0
15830,1435993476299,350.0
15831,1435993476318,336.0
15832,1435993476338,336.0
15833,1435993476355,318.0
15834,1435993476376,318.0
15835,1435993476396,303.0
15836,1435993476421,288.0
15837,1435993476441,288.0
15838,1435993476461,282.0
15839,1435993476478,282.0
15840,1435993476497,276.0
15841,1435993476516,276.0
15842,1435993476536,264.0
15843,1435993476558,264.0
15844,1435993476576,254.0
15845,1435993476616,254.0
15846,1435993476617,244.0
15847,1435993476635,249.0
15848,1435993476655,249.0
15849,1435993476676,296.0
15850,1435993476696,296.0
15851,1435993476716,310.0
15852,1435993476737,310.0
15853,1435993476756,259.0
15854,1435993476777,259.0
15855,1435993476801,240.0
15856,1435993476818,240.0
15857,1435993476837,229.0
15858,1435993476861,222.0
15859,1435993476879,222.0
15860,1435993476899,214.0
15861,1435993476916,214.0
15862,1435993476938,208.0
15863,1435993476958,208.0
15864,1435993476977,201.0
15865,1435993477017,201.0
15866,1435993477018,197.0
15867,1435993477039,197.0
15868,1435993477058,191.0
15869,1435993477078,188.0
15870,1435993477100,188.0
15871,1435993477120,186.0
15872,1435993477141,186.0
15873,1435993477160,191.0
15874,1435993477229,191.0
15875,1435993477230,201.0
15876,1435993477231,201.0
15877,1435993477260,209.0
15878,1435993477261,209.0
15879,1435993477275,213.0
15880,1435993477294,223.0
15881,1435993477314,223.0
15882,1435993477335,253.0
15883,1435993477355,253.0
15884,1435993477374,284.0
15885,1435993477395,284.0
15886,1435993477414,319.0
15887,1435993477435,319.0
15888,1435993477455,354.0
15889,1435993477476,354.0
15890,1435993477499,368.0
15891,1435993477520,354.0
15892,1435993477539,354.0
15893,1435993477559,329.0
15894,1435993477577,329.0
15895,1435993477598,305.0
15896,1435993477620,305.0
15897,1435993477640,291.0
15898,1435993477657,291.0
15899,1435993477677,271.0
15900,1435993477702,271.0
15901,1435993477722,261.0
15902,1435993477741,258.0
15903,1435993477759,258.0
15904,1435993477778,251.0
15905,1435993477797,251.0
15906,1435993477819,243.0
15907,1435993477839,243.0
15908,1435993477908,233.0
15909,1435993477909,233.0
15910,1435993477910,230.0
15911,1435993477922,230.0
15912,1435993477937,242.0
15913,1435993477955,268.0
15914,1435993477975,268.0
15915,1435993477997,258.0
15916,1435993478019,258.0
15917,1435993478040,245.0
15918,1435993478064,245.0
15919,1435993478079,233.0
15920,1435993478100,233.0
15921,1435993478120,224.0
15922,1435993478140,224.0
15923,1435993478160,221.0
15924,1435993478180,220.0
15925,1435993478200,220.0
15926,1435993478224,219.0
15927,1435993478239,219.0
15928,1435993478258,213.0
15929,1435993478282,213.0
15930,1435993478298,199.0
15931,1435993478319,199.0
15932,1435993478337,173.0
15933,1435993478361,173.0
15934,1435993478377,150.0
15935,1435993478397,141.0
15936,1435993478418,141.0
15937,1435993478437,137.0
15938,1435993478457,137.0
15939,1435993478480,139.0
15940,1435993478527,139.0
15941,1435993478528,146.0
15942,1435993478548,146.0
15943,1435993478557,162.0
15944,1435993478578,162.0
15945,1435993478598,192.0
15946,1435993478619,231.0
15947,1435993478639,231.0
15948,1435993478661,272.0
15949,1435993478681,272.0
15950,1435993478700,313.0
15951,1435993478720,313.0
15952,1435993478740,333.0
15953,1435993478759,333.0
15954,1435993478780,320.0
15955,1435993478800,320.0
15956,1435993478819,291.0
15957,1435993478841,291.0
15958,1435993478870,261.0
15959,1435993478878,238.0
15960,1435993478920,238.0
15961,1435993478921,219.0
15962,1435993478936,219.0
15963,1435993478958,217.0
15964,1435993478979,217.0
15965,1435993478998,213.0
15966,1435993479018,213.0
15967,1435993479042,201.0
15968,1435993479064,201.0
15969,1435993479082,195.0
15970,1435993479101,190.0
15971,1435993479124,190.0
15972,1435993479179,192.0
15973,1435993479180,192.0
15974,1435993479181,182.0
15975,1435993479199,182.0
15976,1435993479217,168.0
15977,1435993479238,168.0
15978,1435993479260,158.0
15979,1435993479277,158.0
15980,1435993479298,150.0
15981,1435993479325,143.0
15982,1435993479339,143.0
15983,1435993479359,137.0
15984,1435993479379,137.0
15985,1435993479399,132.0
15986,1435993479418,132.0
15987,1435993479439,127.0
15988,1435993479458,127.0
15989,1435993479480,122.0
15990,1435993479502,122.0
15991,1435993479520,119.0
15992,1435993479540,119.0
15993,1435993479562,119.0
15994,1435993479581,119.0
15995,1435993479601,119.0
15996,1435993479620,117.0
15997,1435993479641,117.0
15998,1435993479661,116.0
15999,1435993479681,116.0
16000,1435993479701,118.0
16001,1435993479719,118.0
16002,1435993479740,126.0
16003,1435993479759,143.0
16004,1435993479788,143.0
16005,1435993479855,177.0
16006,1435993479856,177.0
16007,1435993479857,219.0
16008,1435993479868,219.0
16009,1435993479881,260.0
16010,1435993479897,260.0
16011,1435993479918,300.0
16012,1435993479937,300.0
16013,1435993479958,321.0
16014,1435993479980,309.0
16015,1435993480001,309.0
16016,1435993480019,282.0
16017,1435993480042,282.0
16018,1435993480060,248.0
16019,1435993480080,248.0
16020,1435993480102,235.0
16021,1435993480119,235.0
16022,1435993480142,224.0
16023,1435993480162,224.0
16024,1435993480181,213.0
16025,1435993480208,208.0
16026,1435993480221,208.0
16027,1435993480239,199.0
16028,1435993480258,199.0
16029,1435993480278,194.0
16030,1435993480306,194.0
16031,1435993480318,195.0
16032,1435993480338,195.0
16033,1435993480357,189.0
16034,1435993480377,189.0
16035,1435993480400,174.0
16036,1435993480421,160.0
16037,1435993480445,160.0
16038,1435993480463,149.0
16039,1435993480495,149.0
16040,1435993480499,139.0
16041,1435993480520,139.0
16042,1435993480538,132.0
16043,1435993480558,132.0
16044,1435993480580,124.0
16045,1435993480598,124.0
16046,1435993480618,117.0
16047,1435993480638,110.0
16048,1435993480658,110.0
16049,1435993480678,105.0
16050,1435993480698,105.0
16051,1435993480720,101.0
16052,1435993480740,101.0
16053,1435993480763,101.0
16054,1435993480782,101.0
16055,1435993480802,104.0
16056,1435993480820,104.0
16057,1435993480840,105.0
16058,1435993480864,102.0
16059,1435993480880,102.0
16060,1435993480899,103.0
16061,1435993480919,103.0
16062,1435993480955,111.0
16063,1435993480960,111.0
16064,1435993480979,128.0
16065,1435993480999,128.0
16066,1435993481021,159.0
16067,1435993481043,159.0
16068,1435993481059,205.0
16069,1435993481079,257.0
16070,1435993481098,257.0
16071,1435993481120,306.0
16072,1435993481143,306.0
16073,1435993481162,351.0
16074,1435993481180,351.0
16075,1435993481200,355.0
16076,1435993481223,355.0
16077,1435993481247,318.0
16078,1435993481262,318.0
16079,1435993481281,273.0
16080,1435993481304,252.0
16081,1435993481323,252.0
16082,1435993481340,238.0
16083,1435993481364,238.0
16084,1435993481380,218.0
16085,1435993481400,218.0
16086,1435993481421,212.0
16087,1435993481441,212.0
16088,1435993481462,205.0
16089,1435993481484,205.0
16090,1435993481504,195.0
16091,1435993481523,195.0
16092,1435993481545,195.0
16093,1435993481564,197.0
16094,1435993481582,197.0
16095,1435993481605,189.0
16096,1435993481623,189.0
16097,1435993481643,173.0
16098,1435993481668,173.0
16099,1435993481724,158.0
16100,1435993481725,158.0
16101,1435993481726,147.0
16102,1435993481739,138.0
16103,1435993481765,138.0
16104,1435993481783,129.0
16105,1435993481800,129.0
16106,1435993481820,120.0
16107,1435993481845,120.0
16108,1435993481863,113.0
16109,1435993481881,113.0
16110,1435993481901,107.0
16111,1435993481920,107.0
16112,1435993481940,103.0
16113,1435993482954,101.0
16114,1435993482955,101.0
16115,1435993482956,104.0
16116,1435993482957,104.0
16117,1435993482958,107.0
16118,1435993482959,107.0
16119,1435993482960,107.0
16120,1435993482961,107.0
16121,1435993482962,110.0
16122,1435993482963,110.0
16123,1435993482964,119.0
16124,1435993482965,119.0
16125,1435993482966,135.0
16126,1435993482967,164.0
16127,1435993482968,164.0
16128,1435993482969,203.0
16129,1435993482970,203.0
16130,1435993482971,254.0
16131,1435993482972,254.0
16132,1435993482973,310.0
16133,1435993482974,310.0
16134,1435993482975,353.0
16135,1435993482976,353.0
16136,1435993482977,346.0
16137,1435993482978,315.0
16138,1435993482979,315.0
16139,1435993482980,294.0
16140,1435993482981,294.0
16141,1435993482982,280.0
16142,1435993482983,280.0
16143,1435993482984,255.0
16144,1435993482985,255.0
16145,1435993482986,239.0
16146,1435993482987,239.0
16147,1435993482988,238.0
16148,1435993482989,231.0
16149,1435993482990,231.0
16150,1435993482991,224.0
16151,1435993482992,224.0
16152,1435993482993,227.0
16153,1435993482994,227.0
16154,1435993482995,226.0
16155,1435993482996,226.0
16156,1435993482997,210.0
16157,1435993482998,210.0
16158,1435993482999,190.0
16159,1435993483000,175.0
16160,1435993483001,175.0
16161,1435993483002,163.0
16162,1435993483003,163.0
16163,1435993483004,153.0
16164,1435993483005,153.0
16165,1435993483006,144.0
16166,1435993483020,144.0
16167,1435993483041,134.0
16168,1435993483060,134.0
16169,1435993483080,126.0
16170,1435993483101,120.0
16171,1435993483120,120.0
16172,1435993483140,114.0
16173,1435993483161,114.0
16174,1435993483180,111.0
16175,1435993483201,111.0
16176,1435993483225,115.0
16177,1435993483246,115.0
16178,1435993483264,119.0
16179,1435993483287,119.0
16180,1435993483306,120.0
16181,1435993483327,122.0
16182,1435993483346,122.0
16183,1435993483364,130.0
16184,1435993483385,130.0
16185,1435993483405,142.0
16186,1435993483427,142.0
16187,1435993483447,169.0
16188,1435993483467,169.0
16189,1435993483486,211.0
16190,1435993483505,211.0
16191,1435993483563,261.0
16192,1435993483564,313.0
16193,1435993483565,313.0
16194,1435993483586,347.0
16195,1435993483602,347.0
16196,1435993483624,341.0
16197,1435993483646,341.0
16198,1435993483664,313.0
16199,1435993483684,313.0
16200,1435993483706,288.0
16201,1435993483725,288.0
16202,1435993483745,266.0
16203,1435993483763,252.0
16204,1435993483785,252.0
16205,1435993483805,238.0
16206,1435993483826,238.0
16207,1435993483845,232.0
16208,1435993483865,232.0
16209,1435993483886,229.0
16210,1435993483905,229.0
16211,1435993483923,224.0
16212,1435993483946,224.0
16213,1435993483963,230.0
16214,1435993483983,231.0
16215,1435993484005,231.0
16216,1435993484026,218.0
16217,1435993484049,218.0
16218,1435993484069,199.0
16219,1435993484086,199.0
16220,1435993484102,183.0
16221,1435993484127,183.0
16222,1435993484145,172.0
16223,1435993484164,172.0
16224,1435993484257,162.0
16225,1435993484258,153.0
16226,1435993484259,153.0
16227,1435993484260,146.0
16228,1435993484262,146.0
16229,1435993484290,140.0
16230,1435993484306,140.0
16231,1435993484327,138.0
16232,1435993484342,138.0
16233,1435993484364,139.0
16234,1435993484381,139.0
16235,1435993484402,143.0
16236,1435993484422,152.0
16237,1435993484441,152.0
16238,1435993484461,161.0
16239,1435993484482,161.0
16240,1435993484506,168.0
16241,1435993484525,168.0
16242,1435993484546,178.0
16243,1435993484566,178.0
16244,1435993484586,196.0
16245,1435993484607,196.0
16246,1435993484626,216.0
16247,1435993484646,241.0
16248,1435993484667,241.0
16249,1435993484685,271.0
16250,1435993484716,271.0
16251,1435993484725,300.0
16252,1435993484746,300.0
16253,1435993484767,335.0
16254,1435993484782,335.0
16255,1435993484802,367.0
16256,1435993484822,367.0
16257,1435993484848,373.0
16258,1435993484865,346.0
16259,1435993484889,346.0
16260,1435993484924,315.0
16261,1435993484925,315.0
16262,1435993484943,297.0
16263,1435993484963,297.0
16264,1435993484986,281.0
16265,1435993485004,281.0
16266,1435993485028,264.0
16267,1435993485044,264.0
16268,1435993485066,263.0
16269,1435993485087,258.0
16270,1435993485106,258.0
16271,1435993485129,254.0
16272,1435993485149,254.0
16273,1435993485167,253.0
16274,1435993485186,253.0
16275,1435993485207,246.0
16276,1435993485226,246.0
16277,1435993485247,242.0
16278,1435993485267,242.0
16279,1435993485285,221.0
16280,1435993485307,221.0
16281,1435993485328,209.0
16282,1435993485344,201.0
16283,1435993485366,201.0
16284,1435993485385,190.0
16285,1435993485409,190.0
16286,1435993485429,180.0
16287,1435993485447,180.0
16288,1435993485464,172.0
16289,1435993485485,172.0
16290,1435993485505,163.0
16291,1435993485527,163.0
16292,1435993485547,152.0
16293,1435993485595,142.0
16294,1435993485596,142.0
16295,1435993485603,134.0
16296,1435993485624,134.0
16297,1435993485644,134.0
16298,1435993485666,134.0
16299,1435993485686,135.0
16300,1435993485706,135.0
16301,1435993485724,134.0
16302,1435993485748,134.0
16303,1435993485767,138.0
16304,1435993485787,151.0
16305,1435993485806,151.0
16306,1435993485827,165.0
16307,1435993485847,165.0
16308,1435993485868,189.0
16309,1435993485887,189.0
16310,1435993485907,236.0
16311,1435993485928,236.0
16312,1435993485946,282.0
16313,1435993485967,282.0
16314,1435993485988,313.0
16315,1435993486005,346.0
16316,1435993486025,346.0
16317,1435993486054,371.0
16318,1435993486065,371.0
16319,1435993486085,351.0
16320,1435993486104,351.0
16321,1435993486128,318.0
16322,1435993486144,318.0
16323,1435993486165,306.0
16324,1435993486187,306.0
16325,1435993486206,296.0
16326,1435993486269,292.0
16327,1435993486270,292.0
16328,1435993486271,288.0
16329,1435993486284,288.0
16330,1435993486304,279.0
16331,1435993486328,279.0
16332,1435993486345,274.0
16333,1435993486370,274.0
16334,1435993486386,270.0
16335,1435993486409,270.0
16336,1435993486428,261.0
16337,1435993486448,265.0
16338,1435993486470,265.0
16339,1435993486486,263.0
16340,1435993486509,263.0
16341,1435993486529,239.0
16342,1435993486547,239.0
16343,1435993486568,220.0
16344,1435993486590,220.0
16345,1435993486606,206.0
16346,1435993486628,206.0
16347,1435993486650,194.0
16348,1435993486667,183.0
16349,1435993486686,183.0
16350,1435993486708,171.0
16351,1435993486729,171.0
16352,1435993486750,162.0
16353,1435993486770,162.0
16354,1435993486789,157.0
16355,1435993486807,157.0
16356,1435993486827,153.0
16357,1435993486848,153.0
16358,1435993486867,149.0
16359,1435993486930,149.0
16360,1435993486931,149.0
16361,1435993486932,153.0
16362,1435993486945,153.0
16363,1435993486964,152.0
16364,1435993486988,152.0
16365,1435993487006,147.0
16366,1435993487026,147.0
16367,1435993487046,142.0
16368,1435993487067,142.0
16369,1435993487088,149.0
16370,1435993487108,179.0
16371,1435993487129,179.0
16372,1435993487146,238.0
16373,1435993487169,238.0
16374,1435993487189,299.0
16375,1435993487209,299.0
16376,1435993487228,338.0
16377,1435993487250,338.0
16378,1435993487270,371.0
16379,1435993487287,371.0
16380,1435993487309,388.0
16381,1435993487330,385.0
16382,1435993487347,385.0
16383,1435993487367,373.0
16384,1435993487391,373.0
16385,1435993487411,345.0
16386,1435993487431,345.0
16387,1435993487449,332.0
16388,1435993487467,332.0
16389,1435993487487,318.0
16390,1435993487508,318.0
16391,1435993487527,301.0
16392,1435993487589,297.0
16393,1435993487590,297.0
16394,1435993487591,289.0
16395,1435993487606,289.0
16396,1435993487625,280.0
16397,1435993487645,280.0
16398,1435993487668,288.0
16399,1435993487686,288.0
16400,1435993487709,345.0
16401,1435993487728,345.0
16402,1435993487749,398.0
16403,1435993487768,291.0
16404,1435993487789,291.0
16405,1435993487809,222.0
16406,1435993487829,222.0
16407,1435993487851,196.0
16408,1435993487869,196.0
16409,1435993487889,177.0
16410,1435993487909,177.0
16411,1435993487928,161.0
16412,1435993487947,161.0
16413,1435993487989,148.0
16414,1435993487990,137.0
16415,1435993488027,137.0
16416,1435993488028,129.0
16417,1435993488045,129.0
16418,1435993488065,124.0
16419,1435993488086,124.0
16420,1435993488105,119.0
16421,1435993488125,119.0
16422,1435993488146,114.0
16423,1435993488165,114.0
16424,1435993488187,110.0
16425,1435993488210,113.0
16426,1435993488259,113.0
16427,1435993488262,113.0
16428,1435993488278,113.0
16429,1435993488286,109.0
16430,1435993488306,109.0
16431,1435993488327,108.0
16432,1435993488347,108.0
16433,1435993488368,116.0
16434,1435993488388,116.0
16435,1435993488409,143.0
16436,1435993488430,201.0
16437,1435993488450,201.0
16438,1435993488470,288.0
16439,1435993488490,288.0
16440,1435993488512,371.0
16441,1435993488530,371.0
16442,1435993488550,438.0
16443,1435993488570,438.0
16444,1435993488611,478.0
16445,1435993488612,478.0
16446,1435993488629,474.0
16447,1435993488647,447.0
16448,1435993488667,447.0
16449,1435993488688,418.0
16450,1435993488710,418.0
16451,1435993488728,410.0
16452,1435993488772,410.0
16453,1435993488773,379.0
16454,1435993488792,379.0
16455,1435993488815,347.0
16456,1435993488833,347.0
16457,1435993488850,346.0
16458,1435993488872,346.0
16459,1435993488924,335.0
16460,1435993488925,317.0
16461,1435993488936,317.0
16462,1435993488968,311.0
16463,1435993488969,311.0
16464,1435993488989,302.0
16465,1435993489007,302.0
16466,1435993489027,279.0
16467,1435993489050,279.0
16468,1435993489069,250.0
16469,1435993489094,250.0
16470,1435993489110,218.0
16471,1435993489128,192.0
16472,1435993489147,192.0
16473,1435993489170,175.0
16474,1435993489189,175.0
16475,1435993489208,158.0
16476,1435993489231,158.0
16477,1435993489248,144.0
16478,1435993489283,144.0
16479,1435993489289,129.0
16480,1435993489309,129.0
16481,1435993489330,119.0
16482,1435993489351,111.0
16483,1435993489368,111.0
16484,1435993489390,107.0
16485,1435993489411,107.0
16486,1435993489431,105.0
16487,1435993489451,105.0
16488,1435993489471,106.0
16489,1435993489488,106.0
16490,1435993489509,115.0
16491,1435993489540,115.0
16492,1435993489592,123.0
16493,1435993489593,120.0
16494,1435993489594,120.0
16495,1435993489606,120.0
16496,1435993489626,120.0
16497,1435993489647,131.0
16498,1435993489666,131.0
16499,1435993489686,160.0
16500,1435993489710,160.0
16501,1435993489731,209.0
16502,1435993489751,209.0
16503,1435993489769,267.0
16504,1435993489790,333.0
16505,1435993489811,333.0
16506,1435993489838,414.0
16507,1435993489850,414.0
16508,1435993489871,472.0
16509,1435993489890,472.0
16510,1435993489910,458.0
16511,1435993489931,458.0
16512,1435993489949,403.0
16513,1435993489969,403.0
16514,1435993489988,347.0
16515,1435993490010,322.0
16516,1435993490030,322.0
16517,1435993490049,296.0
16518,1435993490070,296.0
16519,1435993490089,278.0
16520,1435993490114,278.0
16521,1435993490131,277.0
16522,1435993490161,277.0
16523,1435993490206,272.0
16524,1435993490207,272.0
16525,1435993490214,271.0
16526,1435993490230,281.0
16527,1435993490248,281.0
16528,1435993490268,276.0
16529,1435993490290,276.0
16530,1435993490309,248.0
16531,1435993490329,248.0
16532,1435993490352,212.0
16533,1435993490374,212.0
16534,1435993490392,191.0
16535,1435993490410,191.0
16536,1435993490434,176.0
16537,1435993490452,163.0
16538,1435993490472,163.0
16539,1435993490521,153.0
16540,1435993490522,153.0
16541,1435993490531,145.0
16542,1435993490551,145.0
16543,1435993490570,137.0
16544,1435993490592,137.0
16545,1435993490612,132.0
16546,1435993490630,132.0
16547,1435993490650,129.0
16548,1435993490670,131.0
16549,1435993490689,131.0
16550,1435993490709,140.0
16551,1435993490731,140.0
16552,1435993490752,151.0
16553,1435993490770,151.0
16554,1435993490792,150.0
16555,1435993490820,150.0
16556,1435993490869,149.0
16557,1435993490870,149.0
16558,1435993490871,159.0
16559,1435993490889,184.0
16560,1435993490908,184.0
16561,1435993490928,230.0
16562,1435993490952,230.0
16563,1435993490970,302.0
16564,1435993490992,302.0
16565,1435993491011,381.0
16566,1435993491034,381.0
16567,1435993491054,448.0
16568,1435993491070,448.0
16569,1435993491093,479.0
16570,1435993491111,458.0
16571,1435993491130,458.0
16572,1435993491150,413.0
16573,1435993491169,413.0
16574,1435993491190,377.0
16575,1435993491221,377.0
16576,1435993491231,357.0
16577,1435993491255,357.0
16578,1435993491269,338.0
16579,1435993491289,338.0
16580,1435993491308,330.0
16581,1435993491332,332.0
16582,1435993491353,332.0
16583,1435993491372,331.0
16584,1435993491395,331.0
16585,1435993491410,340.0
16586,1435993491432,340.0
16587,1435993491455,340.0
16588,1435993491480,340.0
16589,1435993491535,311.0
16590,1435993491538,311.0
16591,1435993491539,272.0
16592,1435993491556,246.0
16593,1435993491571,246.0
16594,1435993491588,234.0
16595,1435993491609,234.0
16596,1435993491633,224.0
16597,1435993491649,224.0
16598,1435993491669,212.0
16599,1435993491690,212.0
16600,1435993491709,202.0
16601,1435993491732,202.0
16602,1435993491754,191.0
16603,1435993491772,181.0
16604,1435993491793,181.0
16605,1435993491814,171.0
16606,1435993491832,171.0
16607,1435993491853,166.0
16608,1435993491875,166.0
16609,1435993491893,168.0
16610,1435993491912,168.0
16611,1435993491937,178.0
16612,1435993491952,178.0
16613,1435993491973,184.0
16614,1435993491991,180.0
16615,1435993492010,180.0
16616,1435993492030,183.0
16617,1435993492057,183.0
16618,1435993492076,206.0
16619,1435993492096,206.0
16620,1435993492167,247.0
16621,1435993492168,247.0
16622,1435993492169,299.0
16623,1435993492177,299.0
16624,1435993492191,354.0
16625,1435993492209,399.0
16626,1435993492231,399.0
16627,1435993492251,444.0
16628,1435993492271,444.0
16629,1435993492293,490.0
16630,1435993492311,490.0
16631,1435993492333,501.0
16632,1435993492355,501.0
16633,1435993492371,470.0
16634,1435993492394,470.0
16635,1435993492414,442.0
16636,1435993492434,442.0
16637,1435993492454,426.0
16638,1435993492474,414.0
16639,1435993492495,414.0
16640,1435993492511,403.0
16641,1435993492534,403.0
16642,1435993492554,396.0
16643,1435993492574,396.0
16644,1435993492595,386.0
16645,1435993492621,386.0
16646,1435993492634,378.0
16647,1435993492655,378.0
16648,1435993492671,379.0
16649,1435993492692,390.0
16650,1435993492713,390.0
16651,1435993492734,398.0
16652,1435993492755,398.0
16653,1435993492774,366.0
16654,1435993492821,366.0
16655,1435993492822,336.0
16656,1435993492833,336.0
16657,1435993492852,312.0
16658,1435993492871,312.0
16659,1435993492896,294.0
16660,1435993492913,278.0
16661,1435993492932,278.0
16662,1435993492952,260.0
16663,1435993492974,260.0
16664,1435993492994,244.0
16665,1435993493016,244.0
16666,1435993494049,229.0
16667,1435993494050,229.0
16668,1435993494051,215.0
16669,1435993494052,215.0
16670,1435993494053,205.0
16671,1435993494054,198.0
16672,1435993494055,198.0
16673,1435993494056,196.0
16674,1435993494057,196.0
16675,1435993494058,205.0
16676,1435993494059,205.0
16677,1435993494060,213.0
16678,1435993494061,213.0
16679,1435993494062,208.0
16680,1435993494063,208.0
16681,1435993494064,217.0
16682,1435993494065,251.0
16683,1435993494066,251.0
16684,1435993494067,305.0
16685,1435993494068,305.0
16686,1435993494069,365.0
16687,1435993494070,365.0
16688,1435993494071,421.0
16689,1435993494072,421.0
16690,1435993494073,458.0
16691,1435993494074,458.0
16692,1435993494075,494.0
16693,1435993494076,529.0
16694,1435993494077,529.0
16695,1435993494078,532.0
16696,1435993494079,532.0
16697,1435993494080,508.0
16698,1435993494081,508.0
16699,1435993494082,484.0
16700,1435993494083,484.0
16701,1435993494084,481.0
16702,1435993494085,481.0
16703,1435993494086,471.0
16704,1435993494087,460.0
16705,1435993494088,460.0
16706,1435993494089,461.0
16707,1435993494090,461.0
16708,1435993494091,463.0
16709,1435993494092,463.0
16710,1435993494093,462.0
16711,1435993494094,462.0
16712,1435993494095,461.0
16713,1435993494096,461.0
16714,1435993494097,471.0
16715,1435993494098,483.0
16716,1435993494099,483.0
16717,1435993494100,478.0
16718,1435993494101,478.0
16719,1435993494102,474.0
16720,1435993494110,474.0
16721,1435993494130,426.0
16722,1435993494153,426.0
16723,1435993494171,385.0
16724,1435993494191,385.0
16725,1435993494213,366.0
16726,1435993494231,350.0
16727,1435993494252,350.0
16728,1435993494275,335.0
16729,1435993494292,335.0
16730,1435993494318,323.0
16731,1435993494333,323.0
16732,1435993494355,309.0
16733,1435993494377,309.0
16734,1435993494397,293.0
16735,1435993494416,293.0
16736,1435993494435,289.0
16737,1435993494454,299.0
16738,1435993494475,299.0
16739,1435993494495,310.0
16740,1435993494520,310.0
16741,1435993494540,319.0
16742,1435993494557,319.0
16743,1435993494576,321.0
16744,1435993494595,321.0
16745,1435993494636,329.0
16746,1435993494637,329.0
16747,1435993494652,358.0
16748,1435993494672,415.0
16749,1435993494692,415.0
16750,1435993494712,459.0
16751,1435993494734,459.0
16752,1435993494756,491.0
16753,1435993494773,491.0
16754,1435993494797,504.0
16755,1435993494818,504.0
16756,1435993494839,509.0
16757,1435993494854,509.0
16758,1435993494877,530.0
16759,1435993494896,553.0
16760,1435993494916,553.0
16761,1435993494937,540.0
16762,1435993494956,540.0
16763,1435993494976,512.0
16764,1435993494996,512.0
16765,1435993495016,487.0
16766,1435993495033,487.0
16767,1435993495054,473.0
16768,1435993495075,473.0
16769,1435993495095,465.0
16770,1435993495117,463.0
16771,1435993495138,463.0
16772,1435993495156,467.0
16773,1435993495174,467.0
16774,1435993495194,473.0
16775,1435993495213,473.0
16776,1435993495238,480.0
16777,1435993495263,480.0
16778,1435993495307,511.0
16779,1435993495308,511.0
16780,1435993495321,522.0
16781,1435993495336,483.0
16782,1435993495359,483.0
16783,1435993495373,457.0
16784,1435993495392,457.0
16785,1435993495416,431.0
16786,1435993495433,431.0
16787,1435993495454,416.0
16788,1435993495475,416.0
16789,1435993495496,406.0
16790,1435993495518,406.0
16791,1435993495538,401.0
16792,1435993495577,396.0
16793,1435993495578,396.0
16794,1435993495597,387.0
16795,1435993495617,387.0
16796,1435993495637,373.0
16797,1435993495657,373.0
16798,1435993495676,372.0
16799,1435993495696,372.0
16800,1435993495718,383.0
16801,1435993495735,383.0
16802,1435993495754,382.0
16803,1435993495775,354.0
16804,1435993495799,354.0
16805,1435993495819,335.0
16806,1435993495840,335.0
16807,1435993495857,383.0
16808,1435993495875,383.0
16809,1435993495895,463.0
16810,1435993495915,463.0
16811,1435993495936,540.0
16812,1435993495995,540.0
16813,1435993495996,604.0
16814,1435993495997,604.0
16815,1435993496014,660.0
16816,1435993496034,690.0
16817,1435993496056,690.0
16818,1435993496075,715.0
16819,1435993496094,715.0
16820,1435993496114,727.0
16821,1435993496138,727.0
16822,1435993496157,719.0
16823,1435993496178,719.0
16824,1435993496198,709.0
16825,1435993496217,709.0
16826,1435993496237,706.0
16827,1435993496258,710.0
16828,1435993496277,710.0
16829,1435993496297,704.0
16830,1435993496318,704.0
16831,1435993496336,704.0
16832,1435993496357,704.0
16833,1435993496378,724.0
16834,1435993496397,724.0
16835,1435993496417,741.0
16836,1435993496439,741.0
16837,1435993496457,744.0
16838,1435993496478,730.0
16839,1435993496500,730.0
16840,1435993496530,849.0
16841,1435993496535,849.0
16842,1435993496557,960.0
16843,1435993496576,960.0
16844,1435993496594,815.0
16845,1435993496616,815.0
16846,1435993496638,757.0
16847,1435993496653,757.0
16848,1435993496676,760.0
16849,1435993496695,753.0
16850,1435993496716,753.0
16851,1435993496737,764.0
16852,1435993496755,764.0
16853,1435993496778,763.0
16854,1435993496798,763.0
16855,1435993496818,739.0
16856,1435993496838,739.0
16857,1435993496858,699.0
16858,1435993496878,699.0
16859,1435993496898,671.0
16860,1435993496918,726.0
16861,1435993496938,726.0
16862,1435993496959,857.0
16863,1435993496977,857.0
16864,1435993496998,1025.0
16865,1435993497018,1025.0
16866,1435993497037,1179.0
16867,1435993497057,1179.0
16868,1435993497078,1264.0
16869,1435993497099,1264.0
16870,1435993497118,1225.0
16871,1435993497138,1111.0
16872,1435993497157,1111.0
16873,1435993497178,972.0
16874,1435993497198,972.0
16875,1435993497220,833.0
16876,1435993497245,833.0
16877,1435993497285,727.0
16878,1435993497286,727.0
16879,1435993497303,670.0
16880,1435993497323,670.0
16881,1435993497338,654.0
16882,1435993497355,665.0
16883,1435993497376,665.0
16884,1435993497396,676.0
16885,1435993497415,676.0
16886,1435993497439,686.0
16887,1435993497459,686.0
16888,1435993497479,699.0
16889,1435993497500,699.0
16890,1435993497520,713.0
16891,1435993497539,713.0
16892,1435993497559,722.0
16893,1435993497579,735.0
16894,1435993497599,735.0
16895,1435993497618,728.0
16896,1435993497638,728.0
16897,1435993497659,669.0
16898,1435993497679,669.0
16899,1435993497701,836.0
16900,1435993497719,836.0
16901,1435993497738,1193.0
16902,1435993497760,1193.0
16903,1435993497778,892.0
16904,1435993497799,812.0
16905,1435993497821,812.0
16906,1435993497839,881.0
16907,1435993497858,881.0
16908,1435993497881,858.0
16909,1435993497906,858.0
16910,1435993497959,850.0
16911,1435993497960,850.0
16912,1435993497961,862.0
16913,1435993497976,862.0
16914,1435993497995,853.0
16915,1435993498016,806.0
16916,1435993498036,806.0
16917,1435993498061,740.0
16918,1435993498077,740.0
16919,1435993498099,637.0
16920,1435993498120,637.0
16921,1435993498137,542.0
16922,1435993498156,542.0
16923,1435993498178,457.0
16924,1435993498198,457.0
16925,1435993498246,403.0
16926,1435993498247,391.0
16927,1435993498257,391.0
16928,1435993498275,421.0
16929,1435993498295,421.0
16930,1435993498315,472.0
16931,1435993498335,472.0
16932,1435993498356,510.0
16933,1435993498375,510.0
16934,1435993498395,544.0
16935,1435993498416,544.0
16936,1435993498436,568.0
16937,1435993498459,581.0
16938,1435993498478,581.0
16939,1435993498499,589.0
16940,1435993498519,589.0
16941,1435993498539,598.0
16942,1435993498561,598.0
16943,1435993498609,595.0
16944,1435993498610,595.0
16945,1435993498616,586.0
16946,1435993498636,586.0
16947,1435993498658,582.0
16948,1435993498678,574.0
16949,1435993498697,574.0
16950,1435993498717,568.0
16951,1435993498739,568.0
16952,1435993498760,562.0
16953,1435993498779,562.0
16954,1435993498799,552.0
16955,1435993498820,552.0
16956,1435993498838,540.0
16957,1435993498857,540.0
16958,1435993498877,522.0
16959,1435993498897,505.0
16960,1435993498917,505.0
16961,1435993498938,581.0
16962,1435993498959,581.0
16963,1435993498980,643.0
16964,1435993498997,643.0
16965,1435993499019,624.0
16966,1435993499037,624.0
16967,1435993499057,503.0
16968,1435993499082,503.0
16969,1435993499102,539.0
16970,1435993499120,573.0
16971,1435993499142,573.0
16972,1435993499157,581.0
16973,1435993499177,581.0
16974,1435993499284,621.0
16975,1435993499285,621.0
16976,1435993499286,634.0
16977,1435993499287,634.0
16978,1435993499288,606.0
16979,1435993499296,606.0
16980,1435993499317,603.0
16981,1435993499336,593.0
16982,1435993499356,593.0
16983,1435993499377,492.0
16984,1435993499396,492.0
16985,1435993499421,359.0
16986,1435993499441,359.0
16987,1435993499461,286.0
16988,1435993499480,286.0
16989,1435993499499,257.0
16990,1435993499520,257.0
16991,1435993499539,271.0
16992,1435993499560,319.0
16993,1435993499581,319.0
16994,1435993499599,369.0
16995,1435993499621,369.0
16996,1435993499639,426.0
16997,1435993499659,426.0
16998,1435993499679,481.0
16999,1435993499702,481.0
17000,1435993499724,514.0
17001,1435993499742,514.0
17002,1435993499761,534.0
17003,1435993499778,534.0
17004,1435993499802,535.0
17005,1435993499822,523.0
17006,1435993499854,523.0
17007,1435993499888,515.0
17008,1435993499890,515.0
17009,1435993499902,503.0
17010,1435993499918,503.0
17011,1435993499936,487.0
17012,1435993499958,487.0
17013,1435993499981,473.0
17014,1435993499998,473.0
17015,1435993500017,457.0
17016,1435993500039,438.0
17017,1435993500057,438.0
17018,1435993500077,410.0
17019,1435993500098,410.0
17020,1435993500117,380.0
17021,1435993500146,380.0
17022,1435993500158,417.0
17023,1435993500177,417.0
17024,1435993500197,467.0
17025,1435993500220,467.0
17026,1435993500240,479.0
17027,1435993500258,381.0
17028,1435993500289,381.0
17029,1435993500297,329.0
17030,1435993500327,329.0
17031,1435993500342,307.0
17032,1435993500358,307.0
17033,1435993500377,292.0
17034,1435993500397,292.0
17035,1435993500416,280.0
17036,1435993500437,280.0
17037,1435993500457,269.0
17038,1435993500477,254.0
17039,1435993500510,254.0
17040,1435993500518,226.0
17041,1435993500537,226.0
17042,1435993500559,204.0
17043,1435993500579,204.0
17044,1435993500597,197.0
17045,1435993500617,197.0
17046,1435993500643,195.0
17047,1435993500659,195.0
17048,1435993500678,199.0
17049,1435993500700,212.0
17050,1435993500719,212.0
17051,1435993500739,243.0
17052,1435993500760,243.0
17053,1435993500779,292.0
17054,1435993500801,292.0
17055,1435993500819,335.0
17056,1435993500839,335.0
17057,1435993500859,379.0
17058,1435993500879,379.0
17059,1435993500900,424.0
17060,1435993500919,453.0
17061,1435993500946,453.0
17062,1435993500959,468.0
17063,1435993500982,468.0
17064,1435993501004,466.0
17065,1435993501019,466.0
17066,1435993501039,451.0
17067,1435993501060,451.0
17068,1435993501086,444.0
17069,1435993501100,444.0
17070,1435993501125,433.0
17071,1435993501140,417.0
17072,1435993501163,417.0
17073,1435993501226,406.0
17074,1435993501227,406.0
17075,1435993501228,388.0
17076,1435993501251,388.0
17077,1435993501259,371.0
17078,1435993501280,371.0
17079,1435993501301,347.0
17080,1435993501318,347.0
17081,1435993501338,312.0
17082,1435993501360,332.0
17083,1435993501378,332.0
17084,1435993501398,387.0
17085,1435993501422,387.0
17086,1435993501442,359.0
17087,1435993501462,359.0
17088,1435993501484,326.0
17089,1435993501502,326.0
17090,1435993501523,309.0
17091,1435993501587,309.0
17092,1435993501588,295.0
17093,1435993501589,283.0
17094,1435993501600,283.0
17095,1435993501618,275.0
17096,1435993501638,275.0
17097,1435993501660,265.0
17098,1435993501682,265.0
17099,1435993501702,249.0
17100,1435993501722,249.0
17101,1435993501743,221.0
17102,1435993501760,221.0
17103,1435993501782,194.0
17104,1435993501862,178.0
17105,1435993501863,178.0
17106,1435993501864,171.0
17107,1435993501865,171.0
17108,1435993501878,169.0
17109,1435993501899,169.0
17110,1435993501918,172.0
17111,1435993501938,172.0
17112,1435993501960,185.0
17113,1435993501982,185.0
17114,1435993502004,212.0
17115,1435993502024,252.0
17116,1435993502041,252.0
17117,1435993502062,315.0
17118,1435993502084,315.0
17119,1435993502104,397.0
17120,1435993502122,397.0
17121,1435993502144,460.0
17122,1435993502163,460.0
17123,1435993502183,495.0
17124,1435993502206,495.0
17125,1435993502225,498.0
17126,1435993502247,479.0
17127,1435993502265,479.0
17128,1435993502287,458.0
17129,1435993502304,458.0
17130,1435993502324,441.0
17131,1435993502345,441.0
17132,1435993502362,419.0
17133,1435993502381,419.0
17134,1435993502401,401.0
17135,1435993502426,401.0
17136,1435993502466,393.0
17137,1435993502467,375.0
17138,1435993502482,375.0
17139,1435993502501,350.0
17140,1435993502519,350.0
17141,1435993502541,331.0
17142,1435993502565,331.0
17143,1435993502580,321.0
17144,1435993502601,321.0
17145,1435993502625,315.0
17146,1435993502643,315.0
17147,1435993502667,298.0
17148,1435993502686,283.0
17149,1435993502703,283.0
17150,1435993502721,272.0
17151,1435993502746,272.0
17152,1435993502764,260.0
17153,1435993502783,260.0
17154,1435993502806,247.0
17155,1435993502823,247.0
17156,1435993502844,236.0
17157,1435993502865,236.0
17158,1435993502882,224.0
17159,1435993502901,211.0
17160,1435993502921,211.0
17161,1435993502943,201.0
17162,1435993502965,201.0
17163,1435993502985,191.0
17164,1435993503003,191.0
17165,1435993503023,184.0
17166,1435993503044,184.0
17167,1435993503064,176.0
17168,1435993503095,176.0
17169,1435993503153,165.0
17170,1435993503154,165.0
17171,1435993503155,163.0
17172,1435993503167,173.0
17173,1435993503181,173.0
17174,1435993503200,202.0
17175,1435993503221,202.0
17176,1435993503243,244.0
17177,1435993503260,244.0
17178,1435993503282,309.0
17179,1435993503302,309.0
17180,1435993503323,397.0
17181,1435993503342,397.0
17182,1435993503365,466.0
17183,1435993503383,503.0
17184,1435993503401,503.0
17185,1435993503419,495.0
17186,1435993503440,495.0
17187,1435993503461,459.0
17188,1435993503479,459.0
17189,1435993503500,430.0
17190,1435993503520,430.0
17191,1435993503540,406.0
17192,1435993503560,406.0
17193,1435993503580,381.0
17194,1435993503601,364.0
17195,1435993503620,364.0
17196,1435993503642,345.0
17197,1435993503660,345.0
17198,1435993503680,321.0
17199,1435993503702,321.0
17200,1435993503722,292.0
17201,1435993503744,292.0
17202,1435993503763,280.0
17203,1435993503783,280.0
17204,1435993503800,291.0
17205,1435993503822,278.0
17206,1435993503840,278.0
17207,1435993503861,256.0
17208,1435993503883,256.0
17209,1435993503900,238.0
17210,1435993503922,238.0
17211,1435993503942,222.0
17212,1435993503960,222.0
17213,1435993503983,206.0
17214,1435993504004,206.0
17215,1435993504021,191.0
17216,1435993504041,177.0
17217,1435993504061,177.0
17218,1435993504081,164.0
17219,1435993504107,164.0
17220,1435993504125,153.0
17221,1435993504141,153.0
17222,1435993504161,142.0
17223,1435993504194,142.0
17224,1435993504201,137.0
17225,1435993504222,137.0
17226,1435993504242,137.0
17227,1435993504265,138.0
17228,1435993504285,138.0
17229,1435993504304,145.0
17230,1435993504324,145.0
17231,1435993504351,156.0
17232,1435993504394,156.0
17233,1435993504395,180.0
17234,1435993504405,180.0
17235,1435993504424,222.0
17236,1435993504441,222.0
17237,1435993504463,284.0
17238,1435993504484,372.0
17239,1435993504504,372.0
17240,1435993504522,459.0
17241,1435993504546,459.0
17242,1435993504565,515.0
17243,1435993504585,515.0
17244,1435993504603,534.0
17245,1435993504625,534.0
17246,1435993504645,509.0
17247,1435993504666,509.0
17248,1435993504685,465.0
17249,1435993504705,438.0
17250,1435993504726,438.0
17251,1435993504745,415.0
17252,1435993504764,415.0
17253,1435993504786,390.0
17254,1435993504804,390.0
17255,1435993504824,379.0
17256,1435993504848,379.0
17257,1435993504868,367.0
17258,1435993504888,367.0
17259,1435993504910,345.0
17260,1435993504925,336.0
17261,1435993504943,336.0
17262,1435993504967,335.0
17263,1435993504985,335.0
17264,1435993505004,325.0
17265,1435993505072,325.0
17266,1435993505073,302.0
17267,1435993505081,302.0
17268,1435993505085,280.0
17269,1435993505103,280.0
17270,1435993505121,265.0
17271,1435993505146,255.0
17272,1435993505164,255.0
17273,1435993505184,249.0
17274,1435993505206,249.0
17275,1435993505226,244.0
17276,1435993505246,244.0
17277,1435993505267,240.0
17278,1435993505283,240.0
17279,1435993505306,245.0
17280,1435993505326,245.0
17281,1435993505346,261.0
17282,1435993505367,274.0
17283,1435993505384,274.0
17284,1435993505404,257.0
17285,1435993505428,257.0
17286,1435993505444,220.0
17287,1435993505467,220.0
17288,1435993505487,182.0
17289,1435993505509,182.0
17290,1435993505526,162.0
17291,1435993505546,162.0
17292,1435993505566,167.0
17293,1435993505585,188.0
17294,1435993505609,188.0
17295,1435993505629,223.0
17296,1435993505649,223.0
17297,1435993505666,273.0
17298,1435993505690,273.0
17299,1435993505744,343.0
17300,1435993505745,343.0
17301,1435993505746,425.0
17302,1435993505764,425.0
17303,1435993505785,494.0
17304,1435993505804,517.0
17305,1435993505824,517.0
17306,1435993505844,476.0
17307,1435993505867,476.0
17308,1435993505886,426.0
17309,1435993505906,426.0
17310,1435993505927,395.0
17311,1435993505944,395.0
17312,1435993505966,374.0
17313,1435993505987,374.0
17314,1435993506007,350.0
17315,1435993506027,338.0
17316,1435993506047,338.0
17317,1435993506066,327.0
17318,1435993506086,327.0
17319,1435993506109,313.0
17320,1435993506125,313.0
17321,1435993506145,301.0
17322,1435993506169,301.0
17323,1435993506189,300.0
17324,1435993506209,300.0
17325,1435993506230,298.0
17326,1435993506247,274.0
17327,1435993506265,274.0
17328,1435993506287,249.0
17329,1435993506305,249.0
17330,1435993506326,232.0
17331,1435993506385,232.0
17332,1435993506386,220.0
17333,1435993506387,220.0
17334,1435993506405,207.0
17335,1435993506424,207.0
17336,1435993506446,195.0
17337,1435993506465,182.0
17338,1435993506484,182.0
17339,1435993506505,172.0
17340,1435993506528,172.0
17341,1435993506546,165.0
17342,1435993506567,165.0
17343,1435993506588,158.0
17344,1435993506607,158.0
17345,1435993506627,154.0
17346,1435993506648,154.0
17347,1435993506667,153.0
17348,1435993506687,150.0
17349,1435993506708,150.0
17350,1435993506726,151.0
17351,1435993506747,151.0
17352,1435993506768,161.0
17353,1435993506787,161.0
17354,1435993506807,184.0
17355,1435993506828,184.0
17356,1435993506861,226.0
17357,1435993506867,226.0
17358,1435993506888,287.0
17359,1435993506903,355.0
17360,1435993506929,355.0
17361,1435993506946,428.0
17362,1435993506965,428.0
17363,1435993506985,496.0
17364,1435993507047,496.0
17365,1435993507048,522.0
17366,1435993507064,522.0
17367,1435993507065,491.0
17368,1435993507084,491.0
17369,1435993507104,459.0
17370,1435993507124,459.0
17371,1435993507144,435.0
17372,1435993507164,409.0
17373,1435993507190,409.0
17374,1435993507209,383.0
17375,1435993507229,383.0
17376,1435993507250,366.0
17377,1435993507267,366.0
17378,1435993507288,353.0
17379,1435993507309,353.0
17380,1435993507328,339.0
17381,1435993507348,339.0
17382,1435993507369,333.0
17383,1435993507389,325.0
17384,1435993507408,325.0
17385,1435993507430,351.0
17386,1435993508526,351.0
17387,1435993508527,325.0
17388,1435993508528,325.0
17389,1435993508529,272.0
17390,1435993508530,272.0
17391,1435993508531,255.0
17392,1435993508532,255.0
17393,1435993508533,238.0
17394,1435993508534,222.0
17395,1435993508535,222.0
17396,1435993508536,208.0
17397,1435993508537,208.0
17398,1435993508538,194.0
17399,1435993508539,194.0
17400,1435993508540,182.0
17401,1435993508541,182.0
17402,1435993508542,177.0
17403,1435993508543,177.0
17404,1435993508544,176.0
17405,1435993508545,178.0
17406,1435993508546,178.0
17407,1435993508547,177.0
17408,1435993508548,177.0
17409,1435993508549,178.0
17410,1435993508550,178.0
17411,1435993508551,178.0
17412,1435993508552,178.0
17413,1435993508553,185.0
17414,1435993508554,185.0
17415,1435993508555,207.0
17416,1435993508556,244.0
17417,1435993508557,244.0
17418,1435993508558,294.0
17419,1435993508559,294.0
17420,1435993508560,371.0
17421,1435993508561,371.0
17422,1435993508562,463.0
17423,1435993508563,463.0
17424,1435993508564,545.0
17425,1435993508565,545.0
17426,1435993508566,566.0
17427,1435993508567,519.0
17428,1435993508568,519.0
17429,1435993508569,471.0
17430,1435993508570,471.0
17431,1435993508571,438.0
17432,1435993508572,438.0
17433,1435993508573,405.0
17434,1435993508574,405.0
17435,1435993508575,377.0
17436,1435993508576,377.0
17437,1435993508577,367.0
17438,1435993508578,354.0
17439,1435993508579,354.0
17440,1435993508580,337.0
17441,1435993508581,337.0
17442,1435993508582,319.0
17443,1435993508584,319.0
17444,1435993508604,302.0
17445,1435993508625,302.0
17446,1435993508644,287.0
17447,1435993508664,287.0
17448,1435993508687,267.0
17449,1435993508704,247.0
17450,1435993508724,247.0
17451,1435993508747,230.0
17452,1435993508766,230.0
17453,1435993508791,215.0
17454,1435993508815,215.0
17455,1435993508829,198.0
17456,1435993508849,198.0
17457,1435993508870,180.0
17458,1435993508889,180.0
17459,1435993508908,161.0
17460,1435993508930,145.0
17461,1435993508949,145.0
17462,1435993508975,131.0
17463,1435993508997,131.0
17464,1435993509007,120.0
17465,1435993509053,120.0
17466,1435993509054,118.0
17467,1435993509069,118.0
17468,1435993509096,118.0
17469,1435993509106,118.0
17470,1435993509128,118.0
17471,1435993509145,120.0
17472,1435993509166,120.0
17473,1435993509187,140.0
17474,1435993509209,140.0
17475,1435993509229,187.0
17476,1435993509249,187.0
17477,1435993509270,255.0
17478,1435993509290,255.0
17479,1435993509309,332.0
17480,1435993509330,332.0
17481,1435993509350,410.0
17482,1435993509370,490.0
17483,1435993509390,490.0
17484,1435993509411,566.0
17485,1435993509430,566.0
17486,1435993509449,584.0
17487,1435993509473,584.0
17488,1435993509489,542.0
17489,1435993509507,542.0
17490,1435993509528,500.0
17491,1435993509547,500.0
17492,1435993509568,474.0
17493,1435993509590,445.0
17494,1435993509610,445.0
17495,1435993509630,421.0
17496,1435993509651,421.0
17497,1435993509669,412.0
17498,1435993509688,412.0
17499,1435993509719,402.0
17500,1435993509774,402.0
17501,1435993509775,383.0
17502,1435993509776,383.0
17503,1435993509790,357.0
17504,1435993509807,320.0
17505,1435993509829,320.0
17506,1435993509847,302.0
17507,1435993509867,302.0
17508,1435993509891,288.0
17509,1435993509910,288.0
17510,1435993509930,276.0
17511,1435993509954,276.0
17512,1435993509977,259.0
17513,1435993509988,259.0
17514,1435993510010,239.0
17515,1435993510028,218.0
17516,1435993510048,218.0
17517,1435993510092,195.0
17518,1435993510093,195.0
17519,1435993510109,171.0
17520,1435993510128,171.0
17521,1435993510149,147.0
17522,1435993510168,147.0
17523,1435993510188,127.0
17524,1435993510208,127.0
17525,1435993510231,112.0
17526,1435993510251,108.0
17527,1435993510274,108.0
17528,1435993510290,114.0
17529,1435993510312,114.0
17530,1435993510328,121.0
17531,1435993510349,121.0
17532,1435993510379,131.0
17533,1435993510429,131.0
17534,1435993510430,156.0
17535,1435993510431,156.0
17536,1435993510448,208.0
17537,1435993510466,287.0
17538,1435993510487,287.0
17539,1435993510520,368.0
17540,1435993510528,368.0
17541,1435993510548,447.0
17542,1435993510567,447.0
17543,1435993510590,523.0
17544,1435993510609,523.0
17545,1435993510654,587.0
17546,1435993510655,587.0
17547,1435993510674,596.0
17548,1435993510691,550.0
17549,1435993510711,550.0
17550,1435993510729,505.0
17551,1435993510760,505.0
17552,1435993510768,477.0
17553,1435993510794,477.0
17554,1435993510809,456.0
17555,1435993510832,456.0
17556,1435993510852,440.0
17557,1435993510869,440.0
17558,1435993510890,433.0
17559,1435993510910,418.0
17560,1435993510932,418.0
17561,1435993510955,401.0
17562,1435993510975,401.0
17563,1435993510992,389.0
17564,1435993511064,389.0
17565,1435993511065,393.0
17566,1435993511066,393.0
17567,1435993511067,467.0
17568,1435993511089,467.0
17569,1435993511108,488.0
17570,1435993511130,488.0
17571,1435993511150,367.0
17572,1435993511169,330.0
17573,1435993511191,330.0
17574,1435993511216,310.0
17575,1435993511230,310.0
17576,1435993511251,285.0
17577,1435993511275,285.0
17578,1435993511289,260.0
17579,1435993511311,260.0
17580,1435993511332,234.0
17581,1435993511350,234.0
17582,1435993511371,203.0
17583,1435993511391,177.0
17584,1435993511410,177.0
17585,1435993511432,155.0
17586,1435993511452,155.0
17587,1435993511472,144.0
17588,1435993511489,144.0
17589,1435993511510,145.0
17590,1435993511529,145.0
17591,1435993511549,150.0
17592,1435993511570,150.0
17593,1435993511589,154.0
17594,1435993511610,164.0
17595,1435993511632,164.0
17596,1435993511659,196.0
17597,1435993511738,196.0
17598,1435993511740,257.0
17599,1435993511741,257.0
17600,1435993511742,329.0
17601,1435993511753,329.0
17602,1435993511768,394.0
17603,1435993511789,394.0
17604,1435993511812,463.0
17605,1435993511830,533.0
17606,1435993511850,533.0
17607,1435993511870,557.0
17608,1435993511889,557.0
17609,1435993511909,515.0
17610,1435993511930,515.0
17611,1435993511951,471.0
17612,1435993511972,471.0
17613,1435993511995,440.0
17614,1435993512010,440.0
17615,1435993512030,415.0
17616,1435993512050,385.0
17617,1435993512069,385.0
17618,1435993512089,374.0
17619,1435993512113,374.0
17620,1435993512129,366.0
17621,1435993512153,366.0
17622,1435993512175,343.0
17623,1435993512197,343.0
17624,1435993512217,327.0
17625,1435993512233,327.0
17626,1435993512253,318.0
17627,1435993512271,317.0
17628,1435993512295,317.0
17629,1435993512320,302.0
17630,1435993512383,302.0
17631,1435993512384,275.0
17632,1435993512385,275.0
17633,1435993512396,249.0
17634,1435993512410,249.0
17635,1435993512429,225.0
17636,1435993512451,225.0
17637,1435993512471,202.0
17638,1435993512493,178.0
17639,1435993512509,178.0
17640,1435993512531,156.0
17641,1435993512550,156.0
17642,1435993512570,138.0
17643,1435993512594,138.0
17644,1435993512613,124.0
17645,1435993512634,124.0
17646,1435993512654,113.0
17647,1435993512673,113.0
17648,1435993512695,113.0
17649,1435993512711,118.0
17650,1435993512733,118.0
17651,1435993512754,121.0
17652,1435993512774,121.0
17653,1435993512794,122.0
17654,1435993512811,122.0
17655,1435993512834,133.0
17656,1435993512854,133.0
17657,1435993512873,163.0
17658,1435993512894,163.0
17659,1435993512914,224.0
17660,1435993512934,309.0
17661,1435993512954,309.0
17662,1435993512975,379.0
17663,1435993513036,379.0
17664,1435993513037,437.0
17665,1435993513038,437.0
17666,1435993513054,511.0
17667,1435993513069,511.0
17668,1435993513089,561.0
17669,1435993513110,561.0
17670,1435993513131,543.0
17671,1435993513155,500.0
17672,1435993513173,500.0
17673,1435993513194,458.0
17674,1435993513215,458.0
17675,1435993513232,425.0
17676,1435993513256,425.0
17677,1435993513273,407.0
17678,1435993513294,407.0
17679,1435993513314,387.0
17680,1435993513334,387.0
17681,1435993513354,383.0
17682,1435993513374,372.0
17683,1435993513394,372.0
17684,1435993513414,366.0
17685,1435993513434,366.0
17686,1435993513454,372.0
17687,1435993513474,372.0
17688,1435993513494,369.0
17689,1435993513518,369.0
17690,1435993513531,348.0
17691,1435993513555,348.0
17692,1435993513571,314.0
17693,1435993513591,281.0
17694,1435993513616,281.0
17695,1435993513661,255.0
17696,1435993513662,255.0
17697,1435993513674,234.0
17698,1435993513690,234.0
17699,1435993513715,214.0
17700,1435993513735,214.0
17701,1435993513750,196.0
17702,1435993513771,196.0
17703,1435993513792,180.0
17704,1435993513815,167.0
17705,1435993513835,167.0
17706,1435993513854,157.0
17707,1435993513871,157.0
17708,1435993513895,153.0
17709,1435993513915,153.0
17710,1435993513934,154.0
17711,1435993513955,154.0
17712,1435993513974,158.0
17713,1435993513994,158.0
17714,1435993514016,159.0
17715,1435993514032,164.0
17716,1435993514053,164.0
17717,1435993514071,189.0
17718,1435993514093,189.0
17719,1435993514139,243.0
17720,1435993514140,243.0
17721,1435993514157,331.0
17722,1435993514174,331.0
17723,1435993514191,437.0
17724,1435993514215,437.0
17725,1435993514257,510.0
17726,1435993514258,545.0
17727,1435993514308,545.0
17728,1435993514309,585.0
17729,1435993514310,585.0
17730,1435993514333,620.0
17731,1435993514351,620.0
17732,1435993514375,598.0
17733,1435993514391,598.0
17734,1435993514410,551.0
17735,1435993514432,551.0
17736,1435993514458,514.0
17737,1435993514474,508.0
17738,1435993514497,508.0
17739,1435993514515,491.0
17740,1435993514532,491.0
17741,1435993514554,477.0
17742,1435993514573,477.0
17743,1435993514592,480.0
17744,1435993514612,480.0
17745,1435993514637,476.0
17746,1435993514654,476.0
17747,1435993514675,469.0
17748,1435993514697,463.0
17749,1435993514717,463.0
17750,1435993514737,441.0
17751,1435993514756,441.0
17752,1435993514775,465.0
17753,1435993514795,465.0
17754,1435993514818,441.0
17755,1435993514838,441.0
17756,1435993514857,376.0
17757,1435993514878,376.0
17758,1435993514895,353.0
17759,1435993514915,337.0
17760,1435993514961,337.0
17761,1435993514962,307.0
17762,1435993514972,307.0
17763,1435993514994,264.0
17764,1435993515011,264.0
17765,1435993515031,232.0
17766,1435993515052,232.0
17767,1435993515071,212.0
17768,1435993515091,212.0
17769,1435993515112,194.0
17770,1435993515134,194.0
17771,1435993515158,172.0
17772,1435993515181,158.0
17773,1435993515196,158.0
17774,1435993515216,158.0
17775,1435993515234,158.0
17776,1435993515255,161.0
17777,1435993515273,161.0
17778,1435993515303,176.0
17779,1435993515337,176.0
17780,1435993515338,216.0
17781,1435993515392,216.0
17782,1435993515393,292.0
17783,1435993515394,406.0
17784,1435993515412,406.0
17785,1435993515431,516.0
17786,1435993515451,516.0
17787,1435993515472,594.0
17788,1435993515491,594.0
17789,1435993515511,641.0
17790,1435993515532,641.0
17791,1435993515554,652.0
17792,1435993515573,652.0
17793,1435993515592,625.0
17794,1435993515612,594.0
17795,1435993515631,594.0
17796,1435993515653,585.0
17797,1435993515672,585.0
17798,1435993515692,572.0
17799,1435993515713,572.0
17800,1435993515733,549.0
17801,1435993515753,549.0
17802,1435993515784,537.0
17803,1435993515796,537.0
17804,1435993515816,528.0
17805,1435993515839,513.0
17806,1435993515857,513.0
17807,1435993515874,502.0
17808,1435993515899,502.0
17809,1435993515918,547.0
17810,1435993515938,547.0
17811,1435993515959,889.0
17812,1435993516900,889.0
17813,1435993516901,759.0
17814,1435993516902,759.0
17815,1435993516903,477.0
17816,1435993516904,419.0
17817,1435993516905,419.0
17818,1435993516906,361.0
17819,1435993516907,361.0
17820,1435993516908,302.0
17821,1435993516909,302.0
17822,1435993516910,260.0
17823,1435993516911,260.0
17824,1435993516912,237.0
17825,1435993516913,237.0
17826,1435993516914,216.0
17827,1435993516915,204.0
17828,1435993516916,204.0
17829,1435993516917,200.0
17830,1435993516918,200.0
17831,1435993516919,202.0
17832,1435993516920,202.0
17833,1435993516921,178.0
17834,1435993516922,178.0
17835,1435993516923,171.0
17836,1435993516924,171.0
17837,1435993516925,175.0
17838,1435993516926,197.0
17839,1435993516927,197.0
17840,1435993516928,246.0
17841,1435993516929,246.0
17842,1435993516930,337.0
17843,1435993516931,337.0
17844,1435993516932,470.0
17845,1435993516933,470.0
17846,1435993516934,591.0
17847,1435993516935,591.0
17848,1435993516936,660.0
17849,1435993516937,708.0
17850,1435993516938,708.0
17851,1435993516939,725.0
17852,1435993516940,725.0
17853,1435993516941,700.0
17854,1435993516942,700.0
17855,1435993516943,664.0
17856,1435993516944,664.0
17857,1435993516945,652.0
17858,1435993516946,652.0
17859,1435993516947,635.0
17860,1435993516948,593.0
17861,1435993516953,593.0
17862,1435993516973,577.0
17863,1435993516993,577.0
17864,1435993517013,564.0
17865,1435993517034,564.0
17866,1435993517054,537.0
17867,1435993517075,537.0
17868,1435993517095,522.0
17869,1435993517116,522.0
17870,1435993517134,505.0
17871,1435993517155,492.0
17872,1435993517176,492.0
17873,1435993517198,480.0
17874,1435993517218,480.0
17875,1435993517237,442.0
17876,1435993517255,442.0
17877,1435993517279,399.0
17878,1435993517295,399.0
17879,1435993517319,355.0
17880,1435993517340,355.0
17881,1435993517364,318.0
17882,1435993517374,285.0
17883,1435993517395,285.0
17884,1435993517414,257.0
17885,1435993517436,257.0
17886,1435993517456,232.0
17887,1435993517475,232.0
17888,1435993517520,209.0
17889,1435993517521,209.0
17890,1435993517538,190.0
17891,1435993517557,190.0
17892,1435993517574,176.0
17893,1435993517596,172.0
17894,1435993517616,172.0
17895,1435993517636,182.0
17896,1435993517656,182.0
17897,1435993517678,189.0
17898,1435993517698,189.0
17899,1435993517718,191.0
17900,1435993517736,191.0
17901,1435993517759,203.0
17902,1435993517778,203.0
17903,1435993517798,239.0
17904,1435993517818,300.0
17905,1435993517838,300.0
17906,1435993517858,389.0
17907,1435993517877,389.0
17908,1435993517898,508.0
17909,1435993517918,508.0
17910,1435993517939,632.0
17911,1435993517957,632.0
17912,1435993517977,743.0
17913,1435993518000,743.0
17914,1435993518020,827.0
17915,1435993518040,831.0
17916,1435993518059,831.0
17917,1435993518077,771.0
17918,1435993518097,771.0
17919,1435993518119,698.0
17920,1435993518137,698.0
17921,1435993518195,661.0
17922,1435993518196,661.0
17923,1435993518197,636.0
17924,1435993518215,636.0
17925,1435993518236,605.0
17926,1435993518256,590.0
17927,1435993518276,590.0
17928,1435993518297,565.0
17929,1435993518316,565.0
17930,1435993518339,525.0
17931,1435993518361,525.0
17932,1435993518423,481.0
17933,1435993518424,481.0
17934,1435993518425,465.0
17935,1435993518436,465.0
17936,1435993518454,448.0
17937,1435993518476,412.0
17938,1435993518494,412.0
17939,1435993518514,373.0
17940,1435993518537,373.0
17941,1435993518554,341.0
17942,1435993518575,341.0
17943,1435993518599,311.0
17944,1435993518618,311.0
17945,1435993518639,283.0
17946,1435993518661,283.0
17947,1435993518678,258.0
17948,1435993518697,258.0
17949,1435993518719,235.0
17950,1435993518739,213.0
17951,1435993518760,213.0
17952,1435993518779,192.0
17953,1435993518802,192.0
17954,1435993518858,174.0
17955,1435993518859,174.0
17956,1435993518860,171.0
17957,1435993518882,171.0
17958,1435993518897,176.0
17959,1435993518916,176.0
17960,1435993518936,182.0
17961,1435993518958,187.0
17962,1435993518976,187.0
17963,1435993519001,204.0
17964,1435993519016,204.0
17965,1435993519037,251.0
17966,1435993519077,251.0
17967,1435993519078,331.0
17968,1435993519096,331.0
17969,1435993519117,458.0
17970,1435993519139,458.0
17971,1435993519159,607.0
17972,1435993519179,750.0
17973,1435993519198,750.0
17974,1435993519219,871.0
17975,1435993519239,871.0
17976,1435993519262,934.0
17977,1435993519279,934.0
17978,1435993519300,909.0
17979,1435993519317,909.0
17980,1435993519337,853.0
17981,1435993519357,853.0
17982,1435993519383,794.0
17983,1435993519403,741.0
17984,1435993519419,741.0
17985,1435993519439,686.0
17986,1435993519465,686.0
17987,1435993519550,665.0
17988,1435993519551,665.0
17989,1435993519552,649.0
17990,1435993519553,649.0
17991,1435993519556,604.0
17992,1435993519575,604.0
17993,1435993519596,565.0
17994,1435993519616,544.0
17995,1435993519637,544.0
17996,1435993519660,508.0
17997,1435993519678,508.0
17998,1435993519700,458.0
17999,1435993519720,458.0
18000,1435993519739,415.0
18001,1435993519759,415.0
18002,1435993519778,380.0
18003,1435993519801,380.0
18004,1435993519855,351.0
18005,1435993519856,327.0
18006,1435993519860,327.0
18007,1435993519876,300.0
18008,1435993519898,300.0
18009,1435993519918,274.0
18010,1435993519939,274.0
18011,1435993519960,246.0
18012,1435993519978,246.0
18013,1435993519999,223.0
18014,1435993520020,223.0
18015,1435993520038,202.0
18016,1435993520059,178.0
18017,1435993520079,178.0
18018,1435993520099,167.0
18019,1435993520118,167.0
18020,1435993520139,174.0
18021,1435993520178,174.0
18022,1435993520179,188.0
18023,1435993520196,188.0
18024,1435993520217,211.0
18025,1435993520236,211.0
18026,1435993520256,252.0
18027,1435993520277,326.0
18028,1435993520296,326.0
18029,1435993520318,429.0
18030,1435993520337,429.0
18031,1435993520357,575.0
18032,1435993520376,575.0
18033,1435993520398,736.0
18034,1435993520418,736.0
18035,1435993520439,867.0
18036,1435993520461,867.0
18037,1435993520479,978.0
18038,1435993520501,1060.0
18039,1435993520552,1060.0
18040,1435993520553,1069.0
18041,1435993520558,1069.0
18042,1435993520578,1009.0
18043,1435993520598,1009.0
18044,1435993520618,938.0
18045,1435993520639,938.0
18046,1435993520659,882.0
18047,1435993520681,882.0
18048,1435993520703,828.0
18049,1435993520720,789.0
18050,1435993520738,789.0
18051,1435993520759,773.0
18052,1435993520780,773.0
18053,1435993520798,734.0
18054,1435993520856,734.0
18055,1435993520865,680.0
18056,1435993520866,680.0
18057,1435993520884,654.0
18058,1435993520897,654.0
18059,1435993520919,621.0
18060,1435993520941,564.0
18061,1435993520960,564.0
18062,1435993520977,527.0
18063,1435993521003,527.0
18064,1435993521019,544.0
18065,1435993521043,544.0
18066,1435993521060,540.0
18067,1435993521078,540.0
18068,1435993521098,472.0
18069,1435993521121,472.0
18070,1435993521139,434.0
18071,1435993521161,406.0
18072,1435993521181,406.0
18073,1435993521206,380.0
18074,1435993521220,380.0
18075,1435993521251,350.0
18076,1435993521262,350.0
18077,1435993521283,315.0
18078,1435993521303,315.0
18079,1435993521320,275.0
18080,1435993521338,275.0
18081,1435993521360,248.0
18082,1435993521385,253.0
18083,1435993521403,253.0
18084,1435993521423,278.0
18085,1435993521442,278.0
18086,1435993521466,314.0
18087,1435993521507,314.0
18088,1435993521516,361.0
18089,1435993521520,361.0
18090,1435993521544,434.0
18091,1435993521557,434.0
18092,1435993521577,526.0
18093,1435993521598,649.0
18094,1435993521618,649.0
18095,1435993521640,816.0
18096,1435993521664,816.0
18097,1435993521680,967.0
18098,1435993521702,967.0
18099,1435993521720,1107.0
18100,1435993521740,1107.0
18101,1435993521762,1175.0
18102,1435993521782,1175.0
18103,1435993521800,1120.0
18104,1435993521821,1120.0
18105,1435993521841,1029.0
18106,1435993521860,955.0
18107,1435993521879,955.0
18108,1435993521900,893.0
18109,1435993521920,893.0
18110,1435993521940,857.0
18111,1435993521966,857.0
18112,1435993521980,809.0
18113,1435993522002,809.0
18114,1435993522022,763.0
18115,1435993522046,763.0
18116,1435993522062,725.0
18117,1435993522085,695.0
18118,1435993522111,695.0
18119,1435993522128,660.0
18120,1435993522146,660.0
18121,1435993522158,617.0
18122,1435993522180,617.0
18123,1435993522203,577.0
18124,1435993522219,577.0
18125,1435993522244,546.0
18126,1435993522261,546.0
18127,1435993522281,507.0
18128,1435993522302,485.0
18129,1435993522322,485.0
18130,1435993522340,463.0
18131,1435993522362,463.0
18132,1435993522384,438.0
18133,1435993522402,438.0
18134,1435993522420,411.0
18135,1435993522443,411.0
18136,1435993522465,386.0
18137,1435993522482,386.0
18138,1435993522515,362.0
18139,1435993522520,343.0
18140,1435993522539,343.0
18141,1435993522560,330.0
18142,1435993522578,330.0
18143,1435993522598,328.0
18144,1435993522619,328.0
18145,1435993522638,344.0
18146,1435993522667,344.0
18147,1435993522686,359.0
18148,1435993522700,359.0
18149,1435993522769,371.0
18150,1435993522770,414.0
18151,1435993522771,414.0
18152,1435993522782,506.0
18153,1435993522801,506.0
18154,1435993522819,635.0
18155,1435993522840,635.0
18156,1435993522864,786.0
18157,1435993522883,786.0
18158,1435993522901,980.0
18159,1435993522921,980.0
18160,1435993522942,1150.0
18161,1435993522964,1248.0
18162,1435993522981,1248.0
18163,1435993523003,1241.0
18164,1435993523021,1241.0
18165,1435993523050,1186.0
18166,1435993523060,1186.0
18167,1435993523080,1126.0
18168,1435993523101,1126.0
18169,1435993523121,1078.0
18170,1435993523140,1078.0
18171,1435993523167,1016.0
18172,1435993523188,971.0
18173,1435993523206,971.0
18174,1435993523221,950.0
18175,1435993523245,950.0
18176,1435993523261,909.0
18177,1435993523284,909.0
18178,1435993523302,871.0
18179,1435993523330,871.0
18180,1435993523357,856.0
18181,1435993523361,856.0
18182,1435993523396,817.0
18183,1435993523401,770.0
18184,1435993523419,770.0
18185,1435993523439,753.0
18186,1435993523462,753.0
18187,1435993523479,714.0
18188,1435993523500,714.0
18189,1435993523525,648.0
18190,1435993523539,648.0
18191,1435993523562,602.0
18192,1435993523581,602.0
18193,1435993523601,569.0
18194,1435993523621,554.0
18195,1435993523641,554.0
18196,1435993523664,538.0
18197,1435993523684,538.0
18198,1435993523704,510.0
18199,1435993523723,510.0
18200,1435993523745,478.0
18201,1435993523764,478.0
18202,1435993523784,435.0
18203,1435993523804,435.0
18204,1435993523825,389.0
18205,1435993523843,364.0
18206,1435993523863,364.0
18207,1435993523909,376.0
18208,1435993523910,376.0
18209,1435993523925,407.0
18210,1435993523944,407.0
18211,1435993523962,464.0
18212,1435993523991,464.0
18213,1435993524066,577.0
18214,1435993524067,577.0
18215,1435993524068,710.0
18216,1435993524069,847.0
18217,1435993524079,847.0
18218,1435993524100,984.0
18219,1435993524121,984.0
18220,1435993524140,1120.0
18221,1435993524163,1120.0
18222,1435993524186,1254.0
18223,1435993524205,1254.0
18224,1435993524222,1356.0
18225,1435993524266,1356.0
18226,1435993524267,1366.0
18227,1435993524284,1305.0
18228,1435993524302,1305.0
18229,1435993524322,1255.0
18230,1435993524342,1255.0
18231,1435993524416,1214.0
18232,1435993524417,1214.0
18233,1435993524418,1170.0
18234,1435993524420,1170.0
18235,1435993524445,1136.0
18236,1435993524462,1136.0
18237,1435993524481,1112.0
18238,1435993524500,1079.0
18239,1435993524520,1079.0
18240,1435993524543,1041.0
18241,1435993524560,1041.0
18242,1435993524581,1010.0
18243,1435993524603,1010.0
18244,1435993524621,958.0
18245,1435993524642,958.0
18246,1435993524664,890.0
18247,1435993524682,890.0
18248,1435993524701,808.0
18249,1435993524723,763.0
18250,1435993524740,763.0
18251,1435993524761,745.0
18252,1435993524787,745.0
18253,1435993524805,726.0
18254,1435993524824,726.0
18255,1435993524849,705.0
18256,1435993524864,705.0
18257,1435993524884,678.0
18258,1435993524907,678.0
18259,1435993524922,648.0
18260,1435993524945,612.0
18261,1435993524966,612.0
18262,1435993524985,569.0
18263,1435993525005,569.0
18264,1435993525025,521.0
18265,1435993525044,521.0
18266,1435993525064,468.0
18267,1435993525087,468.0
18268,1435993525107,430.0
18269,1435993525128,430.0
18270,1435993525146,431.0
18271,1435993525164,454.0
18272,1435993525182,454.0
18273,1435993525205,490.0
18274,1435993525224,490.0
18275,1435993525289,579.0
18276,1435993525290,579.0
18277,1435993525292,756.0
18278,1435993525302,756.0
18279,1435993525322,938.0
18280,1435993525342,938.0
18281,1435993525364,1110.0
18282,1435993525383,1110.0
18283,1435993525405,1270.0
18284,1435993525423,1402.0
18285,1435993525446,1402.0
18286,1435993525466,1489.0
18287,1435993525485,1489.0
18288,1435993525503,1539.0
18289,1435993525525,1539.0
18290,1435993525544,1543.0
18291,1435993525563,1543.0
18292,1435993525582,1530.0
18293,1435993525602,1530.0
18294,1435993525623,1518.0
18295,1435993525649,1518.0
18296,1435993525666,1518.0
18297,1435993525689,1507.0
18298,1435993525708,1507.0
18299,1435993525728,1498.0
18300,1435993525746,1498.0
18301,1435993525764,1492.0
18302,1435993525783,1492.0
18303,1435993525806,1477.0
18304,1435993525828,1477.0
18305,1435993525849,1452.0
18306,1435993525870,1408.0
18307,1435993525884,1408.0
18308,1435993525916,1328.0
18309,1435993525966,1328.0
18310,1435993525967,1450.0
18311,1435993525968,1450.0
18312,1435993525984,1709.0
18313,1435993526007,1709.0
18314,1435993526024,1658.0
18315,1435993526046,1658.0
18316,1435993526070,1557.0
18317,1435993526084,1508.0
18318,1435993526108,1508.0
18319,1435993526126,1468.0
18320,1435993526146,1468.0
18321,1435993526166,1452.0
18322,1435993526186,1452.0
18323,1435993526206,1454.0
18324,1435993526226,1454.0
18325,1435993526246,1405.0
18326,1435993526267,1405.0
18327,1435993526288,1378.0
18328,1435993526306,1355.0
18329,1435993526326,1355.0
18330,1435993526345,1283.0
18331,1435993526364,1283.0
18332,1435993526384,1210.0
18333,1435993526409,1210.0
18334,1435993526428,1178.0
18335,1435993526449,1178.0
18336,1435993526467,1222.0
18337,1435993526484,1222.0
18338,1435993526504,1383.0
18339,1435993526525,1611.0
18340,1435993526545,1611.0
18341,1435993526627,1867.0
18342,1435993526628,1867.0
18343,1435993526629,2007.0
18344,1435993526630,2007.0
18345,1435993526648,2018.0
18346,1435993526664,2018.0
18347,1435993526684,1927.0
18348,1435993526706,1927.0
18349,1435993526725,1803.0
18350,1435993526744,1681.0
18351,1435993526767,1681.0
18352,1435993526786,1606.0
18353,1435993526807,1606.0
18354,1435993526826,1613.0
18355,1435993526847,1613.0
18356,1435993526867,1651.0
18357,1435993526887,1651.0
18358,1435993526907,1655.0
18359,1435993526927,1655.0
18360,1435993526947,1647.0
18361,1435993526966,1681.0
18362,1435993526986,1681.0
18363,1435993527007,1668.0
18364,1435993527025,1668.0
18365,1435993527045,1641.0
18366,1435993527067,1641.0
18367,1435993527089,1649.0
18368,1435993527109,1649.0
18369,1435993527130,1635.0
18370,1435993527147,1635.0
18371,1435993527165,1572.0
18372,1435993527188,1496.0
18373,1435993527207,1496.0
18374,1435993527227,1640.0
18375,1435993527284,1640.0
18376,1435993527285,2094.0
18377,1435993527286,2094.0
18378,1435993527306,2243.0
18379,1435993527324,2243.0
18380,1435993527346,2221.0
18381,1435993527369,2221.0
18382,1435993527384,2165.0
18383,1435993527404,2112.0
18384,1435993527430,2112.0
18385,1435993527447,2098.0
18386,1435993527466,2098.0
18387,1435993527489,2126.0
18388,1435993527507,2126.0
18389,1435993527527,2157.0
18390,1435993527547,2157.0
18391,1435993527567,2146.0
18392,1435993527587,2146.0
18393,1435993527608,2126.0
18394,1435993527627,2055.0
18395,1435993527648,2055.0
18396,1435993527668,1946.0
18397,1435993527687,1946.0
18398,1435993527708,1753.0
18399,1435993527728,1753.0
18400,1435993527767,1416.0
18401,1435993527768,1416.0
18402,1435993527785,1530.0
18403,1435993527804,1530.0
18404,1435993527823,1671.0
18405,1435993527848,1711.0
18406,1435993527865,1711.0
18407,1435993527890,1706.0
18408,1435993527928,1706.0
18409,1435993527929,1675.0
18410,1435993527945,1675.0
18411,1435993527966,1599.0
18412,1435993527986,1599.0
18413,1435993528005,1490.0
18414,1435993528025,1490.0
18415,1435993528045,1388.0
18416,1435993528068,1293.0
18417,1435993528088,1293.0
18418,1435993528107,1207.0
18419,1435993528129,1207.0
18420,1435993528148,1125.0
18421,1435993528168,1125.0
18422,1435993528187,1061.0
18423,1435993528221,1061.0
18424,1435993528226,1005.0
18425,1435993528247,1005.0
18426,1435993528270,946.0
18427,1435993528287,892.0
18428,1435993528308,892.0
18429,1435993528331,855.0
18430,1435993528347,855.0
18431,1435993528367,823.0
18432,1435993528411,823.0
18433,1435993528412,798.0
18434,1435993528442,798.0
18435,1435993528446,792.0
18436,1435993528464,792.0
18437,1435993528484,795.0
18438,1435993528505,800.0
18439,1435993528524,800.0
18440,1435993528544,806.0
18441,1435993528564,806.0
18442,1435993528584,812.0
18443,1435993528604,812.0
18444,1435993528624,809.0
18445,1435993528649,809.0
18446,1435993528669,803.0
18447,1435993528690,803.0
18448,1435993528710,799.0
18449,1435993528727,799.0
18450,1435993528749,783.0
18451,1435993528769,778.0
18452,1435993528788,778.0
18453,1435993528809,769.0
18454,1435993528830,769.0
18455,1435993528846,757.0
18456,1435993528870,757.0
18457,1435993528888,744.0
18458,1435993528908,744.0
18459,1435993528928,734.0
18460,1435993528946,734.0
18461,1435993528977,735.0
18462,1435993528994,736.0
18463,1435993529007,736.0
18464,1435993529025,728.0
18465,1435993529047,728.0
18466,1435993529065,717.0
18467,1435993529091,717.0
18468,1435993529161,700.0
18469,1435993529162,700.0
18470,1435993529163,621.0
18471,1435993529167,621.0
18472,1435993529185,487.0
18473,1435993529208,588.0
18474,1435993529232,588.0
18475,1435993529246,703.0
18476,1435993529266,703.0
18477,1435993529291,666.0
18478,1435993529309,666.0
18479,1435993529328,646.0
18480,1435993529349,646.0
18481,1435993529369,630.0
18482,1435993529389,630.0
18483,1435993529409,617.0
18484,1435993529430,603.0
18485,1435993529449,603.0
18486,1435993529470,586.0
18487,1435993529488,586.0
18488,1435993529516,557.0
18489,1435993529536,557.0
18490,1435993529546,519.0
18491,1435993529566,519.0
18492,1435993529587,474.0
18493,1435993529606,474.0
18494,1435993529628,439.0
18495,1435993529648,406.0
18496,1435993529669,406.0
18497,1435993529689,377.0
18498,1435993529710,377.0
18499,1435993529728,362.0
18500,1435993529755,362.0
18501,1435993529798,373.0
18502,1435993529799,373.0
18503,1435993529813,425.0
18504,1435993529834,425.0
18505,1435993529847,483.0
18506,1435993529867,577.0
18507,1435993529888,577.0
18508,1435993529907,689.0
18509,1435993529926,689.0
18510,1435993529950,782.0
18511,1435993529969,782.0
18512,1435993529990,830.0
18513,1435993530017,830.0
18514,1435993530031,820.0
18515,1435993530047,820.0
18516,1435993530067,787.0
18517,1435993530087,742.0
18518,1435993530107,742.0
18519,1435993530128,697.0
18520,1435993530148,697.0
18521,1435993530168,663.0
18522,1435993530196,663.0
18523,1435993530215,639.0
18524,1435993530229,639.0
18525,1435993530248,637.0
18526,1435993530269,637.0
18527,1435993530288,629.0
18528,1435993530337,615.0
18529,1435993530338,615.0
18530,1435993530387,621.0
18531,1435993530388,621.0
18532,1435993530389,646.0
18533,1435993530406,646.0
18534,1435993530428,632.0
18535,1435993530446,632.0
18536,1435993530469,573.0
18537,1435993530490,573.0
18538,1435993530506,530.0
18539,1435993530541,504.0
18540,1435993530548,504.0
18541,1435993530566,485.0
18542,1435993530586,485.0
18543,1435993530608,468.0
18544,1435993530626,468.0
18545,1435993530646,452.0
18546,1435993530667,452.0
18547,1435993530686,425.0
18548,1435993530706,425.0
18549,1435993530729,388.0
18550,1435993530754,362.0
18551,1435993530769,362.0
18552,1435993530790,354.0
18553,1435993530810,354.0
18554,1435993530830,351.0
18555,1435993530849,351.0
18556,1435993530868,353.0
18557,1435993530889,353.0
18558,1435993530909,370.0
18559,1435993530930,370.0
18560,1435993530950,419.0
18561,1435993530970,506.0
18562,1435993530989,506.0
18563,1435993531077,596.0
18564,1435993531078,596.0
18565,1435993531079,673.0
18566,1435993531080,673.0
18567,1435993531094,747.0
18568,1435993531106,747.0
18569,1435993531126,803.0
18570,1435993531147,803.0
18571,1435993531169,851.0
18572,1435993531190,877.0
18573,1435993531209,877.0
18574,1435993531231,867.0
18575,1435993531249,867.0
18576,1435993531271,850.0
18577,1435993531288,850.0
18578,1435993531309,830.0
18579,1435993531330,830.0
18580,1435993531351,813.0
18581,1435993531380,813.0
18582,1435993531395,797.0
18583,1435993531410,782.0
18584,1435993531430,782.0
18585,1435993531449,793.0
18586,1435993531469,793.0
18587,1435993531489,806.0
18588,1435993531509,806.0
18589,1435993531534,807.0
18590,1435993531549,807.0
18591,1435993531570,834.0
18592,1435993531588,834.0
18593,1435993531608,863.0
18594,1435993531629,877.0
18595,1435993531652,877.0
18596,1435993531692,805.0
18597,1435993531693,805.0
18598,1435993531707,760.0
18599,1435993531729,760.0
18600,1435993531752,769.0
18601,1435993531769,769.0
18602,1435993531789,796.0
18603,1435993531811,796.0
18604,1435993531828,835.0
18605,1435993531852,835.0
18606,1435993531871,870.0
18607,1435993531892,864.0
18608,1435993531910,864.0
18609,1435993531932,866.0
18610,1435993531950,866.0
18611,1435993531972,867.0
18612,1435993531992,867.0
18613,1435993532010,821.0
18614,1435993532031,821.0
18615,1435993532057,791.0
18616,1435993532073,791.0
18617,1435993532089,779.0
18618,1435993532110,811.0
18619,1435993532129,811.0
18620,1435993532149,886.0
18621,1435993532170,886.0
18622,1435993532192,981.0
18623,1435993532213,981.0
18624,1435993532240,1017.0
18625,1435993532257,1017.0
18626,1435993532277,999.0
18627,1435993532293,999.0
18628,1435993532316,941.0
18629,1435993532361,903.0
18630,1435993532362,903.0
18631,1435993532368,912.0
18632,1435993532390,912.0
18633,1435993532408,928.0
18634,1435993532430,928.0
18635,1435993532451,921.0
18636,1435993532473,921.0
18637,1435993532489,907.0
18638,1435993532510,907.0
18639,1435993532533,898.0
18640,1435993532549,894.0
18641,1435993532570,894.0
18642,1435993532590,885.0
18643,1435993532609,885.0
18644,1435993532629,878.0
18645,1435993532652,878.0
18646,1435993532671,878.0
18647,1435993532691,878.0
18648,1435993532714,869.0
18649,1435993532730,869.0
18650,1435993532753,857.0
18651,1435993532772,836.0
18652,1435993532790,836.0
18653,1435993532810,859.0
18654,1435993532837,859.0
18655,1435993532852,963.0
18656,1435993532870,963.0
18657,1435993532895,884.0
18658,1435993532930,884.0
18659,1435993532931,834.0
18660,1435993532955,834.0
18661,1435993532968,852.0
18662,1435993532989,869.0
18663,1435993533013,869.0
18664,1435993533028,867.0
18665,1435993533048,867.0
18666,1435993533069,852.0
18667,1435993533088,852.0
18668,1435993533110,789.0
18669,1435993533130,789.0
18670,1435993533154,724.0
18671,1435993533172,724.0
18672,1435993533199,665.0
18673,1435993533213,634.0
18674,1435993533232,634.0
18675,1435993533255,609.0
18676,1435993533272,609.0
18677,1435993533293,585.0
18678,1435993533311,585.0
18679,1435993533332,613.0
18680,1435993533356,613.0
18681,1435993533376,707.0
18682,1435993533395,707.0
18683,1435993533411,877.0
18684,1435993533432,1034.0
18685,1435993533450,1034.0
18686,1435993533470,1086.0
18687,1435993533497,1086.0
18688,1435993533516,1095.0
18689,1435993533536,1095.0
18690,1435993533553,1105.0
18691,1435993533605,1105.0
18692,1435993533606,1106.0
18693,1435993533610,1106.0
18694,1435993533629,1105.0
18695,1435993533649,1109.0
18696,1435993533672,1109.0
18697,1435993533691,1113.0
18698,1435993533710,1113.0
18699,1435993533732,1117.0
18700,1435993533754,1117.0
18701,1435993533771,1123.0
18702,1435993533794,1123.0
18703,1435993533811,1123.0
18704,1435993533833,1123.0
18705,1435993533855,1119.0
18706,1435993533873,1110.0
18707,1435993533894,1110.0
18708,1435993533914,1096.0
18709,1435993533935,1096.0
18710,1435993533952,1070.0
18711,1435993533975,1070.0
18712,1435993533994,1003.0
18713,1435993534015,1003.0
18714,1435993534037,938.0
18715,1435993534064,938.0
18716,1435993534075,1095.0
18717,1435993534093,1494.0
18718,1435993534111,1494.0
18719,1435993534134,1557.0
18720,1435993534156,1557.0
18721,1435993534175,1477.0
18722,1435993534290,1477.0
18723,1435993534291,1404.0
18724,1435993534292,1404.0
18725,1435993534293,1357.0
18726,1435993534294,1357.0
18727,1435993534295,1321.0
18728,1435993534314,1283.0
18729,1435993534335,1283.0
18730,1435993534354,1268.0
18731,1435993534372,1268.0
18732,1435993534392,1191.0
18733,1435993534414,1191.0
18734,1435993534434,1039.0
18735,1435993534455,1039.0
18736,1435993534478,833.0
18737,1435993534491,833.0
18738,1435993534515,746.0
18739,1435993534534,738.0
18740,1435993534552,738.0
18741,1435993534577,761.0
18742,1435993534591,761.0
18743,1435993534611,816.0
18744,1435993534632,816.0
18745,1435993534651,849.0
18746,1435993534673,849.0
18747,1435993534694,817.0
18748,1435993534714,817.0
18749,1435993534734,794.0
18750,1435993534753,816.0
18751,1435993534774,816.0
18752,1435993534794,844.0
18753,1435993534815,844.0
18754,1435993534935,857.0
18755,1435993534936,857.0
18756,1435993534937,848.0
18757,1435993534938,848.0
18758,1435993534939,824.0
18759,1435993534940,824.0
18760,1435993534952,809.0
18761,1435993534971,779.0
18762,1435993534993,779.0
18763,1435993535016,757.0
18764,1435993535031,757.0
18765,1435993535052,772.0
18766,1435993535073,772.0
18767,1435993535092,742.0
18768,1435993535112,742.0
18769,1435993535132,709.0
18770,1435993535152,709.0
18771,1435993535173,682.0
18772,1435993535196,682.0
18773,1435993535215,628.0
18774,1435993535256,619.0
18775,1435993535257,619.0
18776,1435993535298,776.0
18777,1435993535299,776.0
18778,1435993535316,840.0
18779,1435993535335,840.0
18780,1435993535355,890.0
18781,1435993535375,890.0
18782,1435993535395,885.0
18783,1435993535417,885.0
18784,1435993535435,817.0
18785,1435993535456,773.0
18786,1435993535477,773.0
18787,1435993535495,767.0
18788,1435993535517,767.0
18789,1435993535565,775.0
18790,1435993535566,775.0
18791,1435993535574,747.0
18792,1435993535591,747.0
18793,1435993535611,679.0
18794,1435993535631,679.0
18795,1435993535651,538.0
18796,1435993535672,410.0
18797,1435993535695,410.0
18798,1435993535716,350.0
18799,1435993535734,350.0
18800,1435993535755,328.0
18801,1435993535774,328.0
18802,1435993535795,335.0
18803,1435993535814,335.0
18804,1435993535836,366.0
18805,1435993535857,366.0
18806,1435993535873,413.0
18807,1435993535896,444.0
18808,1435993535914,444.0
18809,1435993535933,465.0
18810,1435993535954,465.0
18811,1435993535975,508.0
18812,1435993535998,508.0
18813,1435993536018,568.0
18814,1435993536035,568.0
18815,1435993536055,627.0
18816,1435993536075,627.0
18817,1435993536095,664.0
18818,1435993536122,659.0
18819,1435993536165,659.0
18820,1435993536166,634.0
18821,1435993536177,634.0
18822,1435993536192,611.0
18823,1435993536211,611.0
18824,1435993536232,584.0
18825,1435993536254,584.0
18826,1435993536274,560.0
18827,1435993536292,560.0
18828,1435993536316,541.0
18829,1435993536336,520.0
18830,1435993536356,520.0
18831,1435993536374,485.0
18832,1435993536396,485.0
18833,1435993536416,461.0
18834,1435993536439,461.0
18835,1435993536456,424.0
18836,1435993536476,424.0
18837,1435993536498,401.0
18838,1435993536515,401.0
18839,1435993536535,433.0
18840,1435993536559,434.0
18841,1435993536576,434.0
18842,1435993536593,419.0
18843,1435993536616,419.0
18844,1435993536633,401.0
18845,1435993536653,401.0
18846,1435993536679,386.0
18847,1435993536696,386.0
18848,1435993536714,372.0
18849,1435993536737,372.0
18850,1435993536757,362.0
18851,1435993536783,346.0
18852,1435993536832,346.0
18853,1435993536833,326.0
18854,1435993536834,326.0
18855,1435993536855,298.0
18856,1435993536872,298.0
18857,1435993536892,261.0
18858,1435993536915,261.0
18859,1435993536935,246.0
18860,1435993536955,246.0
18861,1435993536977,244.0
18862,1435993536996,240.0
18863,1435993537016,240.0
18864,1435993537038,243.0
18865,1435993537063,243.0
18866,1435993537079,261.0
18867,1435993537094,261.0
18868,1435993537114,296.0
18869,1435993537134,296.0
18870,1435993537155,337.0
18871,1435993537175,337.0
18872,1435993537196,392.0
18873,1435993537216,449.0
18874,1435993537246,449.0
18875,1435993537256,506.0
18876,1435993537277,506.0
18877,1435993537297,563.0
18878,1435993537316,563.0
18879,1435993537338,584.0
18880,1435993537356,584.0
18881,1435993537377,562.0
18882,1435993537396,562.0
18883,1435993537416,530.0
18884,1435993537447,511.0
18885,1435993537505,511.0
18886,1435993537506,489.0
18887,1435993537507,489.0
18888,1435993537520,472.0
18889,1435993537535,472.0
18890,1435993537553,464.0
18891,1435993537575,464.0
18892,1435993537593,452.0
18893,1435993537613,452.0
18894,1435993537634,440.0
18895,1435993537654,430.0
18896,1435993537677,430.0
18897,1435993537699,422.0
18898,1435993537717,422.0
18899,1435993537737,422.0
18900,1435993537759,422.0
18901,1435993537777,415.0
18902,1435993537797,415.0
18903,1435993537817,396.0
18904,1435993537837,396.0
18905,1435993537857,380.0
18906,1435993537878,371.0
18907,1435993537894,371.0
18908,1435993537915,358.0
18909,1435993537941,358.0
18910,1435993537960,347.0
18911,1435993537980,347.0
18912,1435993538010,341.0
18913,1435993538015,341.0
18914,1435993538035,335.0
18915,1435993538054,335.0
18916,1435993538073,326.0
18917,1435993538095,319.0
18918,1435993538114,319.0
18919,1435993538133,311.0
18920,1435993538154,311.0
18921,1435993538174,298.0
18922,1435993538194,298.0
18923,1435993538213,289.0
18924,1435993538238,289.0
18925,1435993538254,279.0
18926,1435993538274,279.0
18927,1435993538294,270.0
18928,1435993538314,269.0
18929,1435993538334,269.0
18930,1435993538356,280.0
18931,1435993538374,280.0
18932,1435993538393,299.0
18933,1435993538414,299.0
18934,1435993538434,323.0
18935,1435993538454,323.0
18936,1435993538474,359.0
18937,1435993538493,359.0
18938,1435993538514,390.0
18939,1435993538534,431.0
18940,1435993538553,431.0
18941,1435993538573,473.0
18942,1435993538595,473.0
18943,1435993538614,471.0
18944,1435993538634,471.0
18945,1435993538664,432.0
18946,1435993538677,432.0
18947,1435993538699,403.0
18948,1435993538739,403.0
18949,1435993538740,394.0
18950,1435993538754,394.0
18951,1435993538775,385.0
18952,1435993538796,379.0
18953,1435993538815,379.0
18954,1435993538835,376.0
18955,1435993538856,376.0
18956,1435993538877,367.0
18957,1435993538901,367.0
18958,1435993538919,358.0
18959,1435993538939,358.0
18960,1435993538959,351.0
18961,1435993538978,351.0
18962,1435993538998,355.0
18963,1435993539021,347.0
18964,1435993539040,347.0
18965,1435993539063,340.0
18966,1435993539080,340.0
18967,1435993539096,316.0
18968,1435993539118,316.0
18969,1435993539139,295.0
18970,1435993539158,295.0
18971,1435993539177,286.0
18972,1435993539228,286.0
18973,1435993539229,281.0
18974,1435993539248,278.0
18975,1435993539258,278.0
18976,1435993539276,273.0
18977,1435993539301,273.0
18978,1435993539318,266.0
18979,1435993539340,266.0
18980,1435993539408,261.0
18981,1435993539409,261.0
18982,1435993539410,258.0
18983,1435993539415,258.0
18984,1435993539435,254.0
18985,1435993539456,247.0
18986,1435993539477,247.0
18987,1435993539497,236.0
18988,1435993539516,236.0
18989,1435993539540,232.0
18990,1435993539560,232.0
18991,1435993539576,237.0
18992,1435993539597,237.0
18993,1435993539617,255.0
18994,1435993539636,255.0
18995,1435993539656,288.0
18996,1435993539679,339.0
18997,1435993539699,339.0
18998,1435993539720,398.0
18999,1435993539738,398.0
19000,1435993539760,445.0
19001,1435993539779,445.0
19002,1435993539800,480.0
19003,1435993539819,480.0
19004,1435993539839,485.0
19005,1435993539858,485.0
19006,1435993539877,460.0
19007,1435993539899,435.0
19008,1435993539920,435.0
19009,1435993539939,416.0
19010,1435993539959,416.0
19011,1435993539978,400.0
19012,1435993540004,400.0
19013,1435993540062,387.0
19014,1435993540063,387.0
19015,1435993540064,380.0
19016,1435993540089,380.0
19017,1435993540096,366.0
19018,1435993540115,345.0
19019,1435993540136,345.0
19020,1435993540158,325.0
19021,1435993540175,325.0
19022,1435993540196,314.0
19023,1435993540220,314.0
19024,1435993540239,318.0
19025,1435993540287,318.0
19026,1435993540288,319.0
19027,1435993540298,319.0
19028,1435993540321,305.0
19029,1435993540362,288.0
19030,1435993540363,288.0
19031,1435993540377,272.0
19032,1435993540398,272.0
19033,1435993540416,258.0
19034,1435993540435,258.0
19035,1435993540456,246.0
19036,1435993540477,246.0
19037,1435993540501,235.0
19038,1435993540521,235.0
19039,1435993540568,225.0
19040,1435993540569,215.0
19041,1435993540578,215.0
19042,1435993540602,204.0
19043,1435993540618,204.0
19044,1435993540645,201.0
19045,1435993540686,201.0
19046,1435993540687,200.0
19047,1435993540703,200.0
19048,1435993540721,193.0
19049,1435993540736,193.0
19050,1435993540759,187.0
19051,1435993540777,193.0
19052,1435993540799,193.0
19053,1435993540818,217.0
19054,1435993540838,217.0
19055,1435993540861,254.0
19056,1435993540878,254.0
19057,1435993540899,298.0
19058,1435993540920,298.0
19059,1435993540940,351.0
19060,1435993540960,351.0
19061,1435993540980,402.0
19062,1435993541001,441.0
19063,1435993541020,441.0
19064,1435993541039,464.0
19065,1435993541061,464.0
19066,1435993541079,461.0
19067,1435993541106,461.0
19068,1435993541118,440.0
19069,1435993541138,440.0
19070,1435993541157,424.0
19071,1435993541178,424.0
19072,1435993541202,409.0
19073,1435993541219,395.0
19074,1435993541250,395.0
19075,1435993541258,386.0
19076,1435993541281,386.0
19077,1435993541304,373.0
19078,1435993541349,373.0
19079,1435993541350,352.0
19080,1435993541362,352.0
19081,1435993541382,329.0
19082,1435993541398,329.0
19083,1435993541419,302.0
19084,1435993541439,305.0
19085,1435993541457,305.0
19086,1435993541480,312.0
19087,1435993541501,312.0
19088,1435993541520,299.0
19089,1435993541542,299.0
19090,1435993541573,287.0
19091,1435993541580,287.0
19092,1435993541600,276.0
19093,1435993541617,276.0
19094,1435993541637,267.0
19095,1435993541661,257.0
19096,1435993541678,257.0
19097,1435993541699,246.0
19098,1435993541721,246.0
19099,1435993541741,233.0
19100,1435993541761,233.0
19101,1435993541780,218.0
19102,1435993541799,218.0
19103,1435993541820,206.0
19104,1435993541841,206.0
19105,1435993541861,204.0
19106,1435993541879,204.0
19107,1435993541900,204.0
19108,1435993541919,203.0
19109,1435993541939,203.0
19110,1435993541970,207.0
19111,1435993542019,207.0
19112,1435993542020,220.0
19113,1435993542021,220.0
19114,1435993542038,251.0
19115,1435993542057,251.0
19116,1435993542078,291.0
19117,1435993542098,330.0
19118,1435993542118,330.0
19119,1435993542138,374.0
19120,1435993542157,374.0
19121,1435993542179,415.0
19122,1435993542202,415.0
19123,1435993542219,441.0
19124,1435993542247,441.0
19125,1435993542262,446.0
19126,1435993542281,446.0
19127,1435993542299,431.0
19128,1435993542320,431.0
19129,1435993542345,418.0
19130,1435993542362,406.0
19131,1435993542382,406.0
19132,1435993542400,394.0
19133,1435993542420,394.0
19134,1435993542442,386.0
19135,1435993542459,386.0
19136,1435993542481,371.0
19137,1435993542501,371.0
19138,1435993542519,342.0
19139,1435993542540,342.0
19140,1435993542563,308.0
19141,1435993542580,298.0
19142,1435993542649,298.0
19143,1435993542650,333.0
19144,1435993542651,333.0
19145,1435993542667,337.0
19146,1435993542679,337.0
19147,1435993542698,320.0
19148,1435993542718,320.0
19149,1435993542742,307.0
19150,1435993542759,307.0
19151,1435993542781,297.0
19152,1435993542802,287.0
19153,1435993542819,287.0
19154,1435993542840,279.0
19155,1435993542865,279.0
19156,1435993542880,275.0
19157,1435993542900,275.0
19158,1435993542921,266.0
19159,1435993542940,266.0
19160,1435993542964,257.0
19161,1435993542980,257.0
19162,1435993543002,246.0
19163,1435993543021,239.0
19164,1435993543040,239.0
19165,1435993543061,234.0
19166,1435993543080,234.0
19167,1435993543103,227.0
19168,1435993543137,227.0
19169,1435993543140,221.0
19170,1435993543160,221.0
19171,1435993543178,221.0
19172,1435993543198,221.0
19173,1435993543220,237.0
19174,1435993543272,266.0
19175,1435993543273,266.0
19176,1435993543282,292.0
19177,1435993543298,292.0
19178,1435993543319,329.0
19179,1435993543341,329.0
19180,1435993543360,371.0
19181,1435993543380,371.0
19182,1435993543400,405.0
19183,1435993543419,405.0
19184,1435993543442,411.0
19185,1435993543464,391.0
19186,1435993543480,391.0
19187,1435993543502,372.0
19188,1435993543523,372.0
19189,1435993543542,358.0
19190,1435993543563,358.0
19191,1435993543584,345.0
19192,1435993543603,345.0
19193,1435993543621,336.0
19194,1435993543641,336.0
19195,1435993543660,325.0
19196,1435993543680,314.0
19197,1435993543702,314.0
19198,1435993543721,301.0
19199,1435993543742,301.0
19200,1435993543762,286.0
19201,1435993543781,286.0
19202,1435993543804,291.0
19203,1435993543824,291.0
19204,1435993543842,351.0
19205,1435993543861,351.0
19206,1435993543895,388.0
19207,1435993543964,324.0
19208,1435993543965,324.0
19209,1435993543966,288.0
19210,1435993543967,288.0
19211,1435993543980,264.0
19212,1435993544001,264.0
19213,1435993544019,248.0
19214,1435993544044,248.0
19215,1435993544060,236.0
19216,1435993544081,236.0
19217,1435993544102,227.0
19218,1435993544121,219.0
19219,1435993544140,219.0
19220,1435993544160,209.0
19221,1435993544181,209.0
19222,1435993544202,199.0
19223,1435993544224,199.0
19224,1435993544252,186.0
19225,1435993544265,186.0
19226,1435993544323,170.0
19227,1435993544324,170.0
19228,1435993544325,161.0
19229,1435993544343,164.0
19230,1435993544364,164.0
19231,1435993544382,181.0
19232,1435993544403,181.0
19233,1435993544424,215.0
19234,1435993544444,215.0
19235,1435993544461,254.0
19236,1435993544485,254.0
19237,1435993544505,296.0
19238,1435993544524,296.0
19239,1435993544545,337.0
19240,1435993544565,375.0
19241,1435993544646,375.0
19242,1435993544647,399.0
19243,1435993544648,399.0
19244,1435993544649,392.0
19245,1435993544664,392.0
19246,1435993544679,371.0
19247,1435993544699,371.0
19248,1435993544720,355.0
19249,1435993544741,355.0
19250,1435993544764,341.0
19251,1435993544785,326.0
19252,1435993544806,326.0
19253,1435993544823,312.0
19254,1435993544842,312.0
19255,1435993544865,307.0
19256,1435993544884,307.0
19257,1435993544905,295.0
19258,1435993544925,295.0
19259,1435993544943,282.0
19260,1435993544965,282.0
19261,1435993544985,274.0
19262,1435993545004,268.0
19263,1435993545025,268.0
19264,1435993545044,286.0
19265,1435993545064,286.0
19266,1435993545087,288.0
19267,1435993545106,288.0
19268,1435993545165,268.0
19269,1435993545166,268.0
19270,1435993545167,252.0
19271,1435993545182,252.0
19272,1435993545203,238.0
19273,1435993545250,226.0
19274,1435993545251,226.0
19275,1435993545270,216.0
19276,1435993545282,216.0
19277,1435993545304,205.0
19278,1435993545323,205.0
19279,1435993545343,193.0
19280,1435993545360,193.0
19281,1435993545381,187.0
19282,1435993545401,187.0
19283,1435993545421,181.0
19284,1435993545442,173.0
19285,1435993545461,173.0
19286,1435993545481,168.0
19287,1435993545502,168.0
19288,1435993545521,161.0
19289,1435993545545,161.0
19290,1435993545564,152.0
19291,1435993545585,152.0
19292,1435993545605,147.0
19293,1435993545628,147.0
19294,1435993545644,150.0
19295,1435993545662,150.0
19296,1435993545685,163.0
19297,1435993545702,192.0
19298,1435993545722,192.0
19299,1435993545745,227.0
19300,1435993545765,227.0
19301,1435993545784,271.0
19302,1435993545806,271.0
19303,1435993545823,320.0
19304,1435993545874,320.0
19305,1435993545875,363.0
19306,1435993545890,363.0
19307,1435993545912,378.0
19308,1435993545923,357.0
19309,1435993545945,357.0
19310,1435993545965,333.0
19311,1435993545984,333.0
19312,1435993546003,314.0
19313,1435993546023,314.0
19314,1435993546058,299.0
19315,1435993546062,299.0
19316,1435993546083,286.0
19317,1435993546106,286.0
19318,1435993546125,277.0
19319,1435993546145,267.0
19320,1435993546163,267.0
19321,1435993546182,257.0
19322,1435993546202,257.0
19323,1435993546230,246.0
19324,1435993546247,246.0
19325,1435993546265,251.0
19326,1435993546289,251.0
19327,1435993546305,264.0
19328,1435993546325,264.0
19329,1435993546346,248.0
19330,1435993546363,229.0
19331,1435993546383,229.0
19332,1435993546410,214.0
19333,1435993546428,214.0
19334,1435993546445,201.0
19335,1435993546469,201.0
19336,1435993546491,189.0
19337,1435993546546,189.0
19338,1435993546547,177.0
19339,1435993546548,177.0
19340,1435993546561,166.0
19341,1435993546582,156.0
19342,1435993546602,156.0
19343,1435993546623,150.0
19344,1435993546643,150.0
19345,1435993546662,146.0
19346,1435993546682,146.0
19347,1435993546704,142.0
19348,1435993546723,142.0
19349,1435993546743,142.0
19350,1435993546766,142.0
19351,1435993546785,143.0
19352,1435993546805,143.0
19353,1435993546826,143.0
19354,1435993546846,143.0
19355,1435993546865,143.0
19356,1435993546886,146.0
19357,1435993546905,146.0
19358,1435993546924,158.0
19359,1435993546945,158.0
19360,1435993546964,186.0
19361,1435993546986,186.0
19362,1435993547006,219.0
19363,1435993547026,262.0
19364,1435993547046,262.0
19365,1435993547065,318.0
19366,1435993547085,318.0
19367,1435993547105,363.0
19368,1435993547127,363.0
19369,1435993547187,354.0
19370,1435993547188,354.0
19371,1435993547189,318.0
19372,1435993547202,318.0
19373,1435993547224,289.0
19374,1435993547243,274.0
19375,1435993547262,274.0
19376,1435993547284,258.0
19377,1435993547303,258.0
19378,1435993547322,247.0
19379,1435993547342,247.0
19380,1435993547363,245.0
19381,1435993547383,245.0
19382,1435993547403,241.0
19383,1435993547425,241.0
19384,1435993547443,236.0
19385,1435993547463,239.0
19386,1435993547487,239.0
19387,1435993547506,246.0
19388,1435993547529,246.0
19389,1435993547548,235.0
19390,1435993547566,235.0
19391,1435993547584,216.0
19392,1435993547607,216.0
19393,1435993547625,202.0
19394,1435993547649,202.0
19395,1435993547668,188.0
19396,1435993547684,175.0
19397,1435993547704,175.0
19398,1435993547726,163.0
19399,1435993547744,163.0
19400,1435993547764,150.0
19401,1435993547787,150.0
19402,1435993547808,140.0
19403,1435993547855,140.0
19404,1435993547856,137.0
19405,1435993547872,137.0
19406,1435993547885,133.0
19407,1435993547906,129.0
19408,1435993547924,129.0
19409,1435993547944,127.0
19410,1435993547965,127.0
19411,1435993547987,127.0
19412,1435993548007,127.0
19413,1435993548027,124.0
19414,1435993548048,124.0
19415,1435993548067,122.0
19416,1435993548088,122.0
19417,1435993548107,126.0
19418,1435993548127,146.0
19419,1435993548148,146.0
19420,1435993548170,186.0
19421,1435993548193,186.0
19422,1435993548208,229.0
19423,1435993548225,229.0
19424,1435993548246,277.0
19425,1435993548266,277.0
19426,1435993548287,333.0
19427,1435993548307,333.0
19428,1435993548385,378.0
19429,1435993548386,375.0
19430,1435993548387,375.0
19431,1435993548388,341.0
19432,1435993548411,341.0
19433,1435993548423,315.0
19434,1435993548444,315.0
19435,1435993548463,300.0
19436,1435993548484,300.0
19437,1435993548504,280.0
19438,1435993548523,280.0
19439,1435993548543,267.0
19440,1435993548564,264.0
19441,1435993548583,264.0
19442,1435993548604,257.0
19443,1435993548624,257.0
19444,1435993548644,248.0
19445,1435993548664,248.0
19446,1435993548686,242.0
19447,1435993548707,242.0
19448,1435993548724,243.0
19449,1435993548747,243.0
19450,1435993548765,231.0
19451,1435993548785,211.0
19452,1435993548818,211.0
19453,1435993548827,194.0
19454,1435993548847,194.0
19455,1435993548869,179.0
19456,1435993548888,179.0
19457,1435993548909,165.0
19458,1435993548929,165.0
19459,1435993548947,151.0
19460,1435993548967,151.0
19461,1435993548988,135.0
19462,1435993549015,135.0
19463,1435993549076,123.0
19464,1435993549077,116.0
19465,1435993549078,116.0
19466,1435993549088,112.0
19467,1435993549106,112.0
19468,1435993549124,109.0
19469,1435993549144,109.0
19470,1435993549165,108.0
19471,1435993549185,108.0
19472,1435993549204,109.0
19473,1435993549226,109.0
19474,1435993549247,108.0
19475,1435993549269,107.0
19476,1435993549293,107.0
19477,1435993549306,114.0
19478,1435993549326,114.0
19479,1435993549347,144.0
19480,1435993549368,144.0
19481,1435993549394,192.0
19482,1435993549407,192.0
19483,1435993549428,240.0
19484,1435993549449,240.0
19485,1435993549469,290.0
19486,1435993549489,338.0
19487,1435993549508,338.0
19488,1435993549529,377.0
19489,1435993549548,377.0
19490,1435993549567,379.0
19491,1435993549589,379.0
19492,1435993549608,352.0
19493,1435993549637,352.0
19494,1435993549650,328.0
19495,1435993549702,328.0
19496,1435993549703,318.0
19497,1435993549706,300.0
19498,1435993549724,300.0
19499,1435993549745,277.0
19500,1435993549768,277.0
19501,1435993549789,268.0
19502,1435993549808,268.0
19503,1435993549827,262.0
19504,1435993549847,262.0
19505,1435993549868,250.0
19506,1435993549890,250.0
19507,1435993549909,246.0
19508,1435993549929,250.0
19509,1435993549951,250.0
19510,1435993549969,241.0
19511,1435993549989,241.0
19512,1435993550011,219.0
19513,1435993550029,219.0
19514,1435993550047,198.0
19515,1435993550071,198.0
19516,1435993550089,178.0
19517,1435993550108,178.0
19518,1435993550130,159.0
19519,1435993550150,141.0
19520,1435993550166,141.0
19521,1435993550191,125.0
19522,1435993550206,125.0
19523,1435993550226,112.0
19524,1435993550247,112.0
19525,1435993550267,105.0
19526,1435993550291,105.0
19527,1435993550308,101.0
19528,1435993550399,101.0
19529,1435993550400,98.0
19530,1435993550401,99.0
19531,1435993550402,99.0
19532,1435993550405,100.0
19533,1435993550425,100.0
19534,1435993550446,100.0
19535,1435993550468,100.0
19536,1435993550487,100.0
19537,1435993550507,100.0
19538,1435993550530,106.0
19539,1435993550572,106.0
19540,1435993550573,120.0
19541,1435993550590,160.0
19542,1435993550609,160.0
19543,1435993550629,221.0
19544,1435993550648,221.0
19545,1435993550668,276.0
19546,1435993550687,276.0
19547,1435993550707,325.0
19548,1435993550728,325.0
19549,1435993550747,372.0
19550,1435993550770,372.0
19551,1435993550790,387.0
19552,1435993550809,357.0
19553,1435993550828,357.0
19554,1435993550850,323.0
19555,1435993550870,323.0
19556,1435993550890,294.0
19557,1435993550909,294.0
19558,1435993550930,279.0
19559,1435993550947,279.0
19560,1435993550969,263.0
19561,1435993550998,263.0
19562,1435993551055,253.0
19563,1435993551056,252.0
19564,1435993551057,252.0
19565,1435993551070,244.0
19566,1435993551086,244.0
19567,1435993551108,241.0
19568,1435993551130,241.0
19569,1435993551149,234.0
19570,1435993551167,234.0
19571,1435993551187,210.0
19572,1435993551210,210.0
19573,1435993551227,190.0
19574,1435993551251,175.0
19575,1435993551272,175.0
19576,1435993551289,161.0
19577,1435993551310,161.0
19578,1435993551331,145.0
19579,1435993551350,145.0
19580,1435993551370,130.0
19581,1435993551390,130.0
19582,1435993551410,118.0
19583,1435993551429,118.0
19584,1435993551448,109.0
19585,1435993551469,105.0
19586,1435993551490,105.0
19587,1435993551514,101.0
19588,1435993551529,101.0
19589,1435993551550,100.0
19590,1435993551569,100.0
19591,1435993551589,103.0
19592,1435993551609,103.0
19593,1435993551630,107.0
19594,1435993551702,107.0
19595,1435993551703,108.0
19596,1435993551704,112.0
19597,1435993551706,112.0
19598,1435993551727,125.0
19599,1435993551747,125.0
19600,1435993551766,165.0
19601,1435993551786,165.0
19602,1435993551809,233.0
19603,1435993551831,233.0
19604,1435993551852,310.0
19605,1435993551872,310.0
19606,1435993551889,373.0
19607,1435993551909,427.0
19608,1435993551932,427.0
19609,1435993551949,461.0
19610,1435993551971,461.0
19611,1435993551991,449.0
19612,1435993552010,449.0
19613,1435993552031,417.0
19614,1435993552051,417.0
19615,1435993552071,390.0
19616,1435993552091,390.0
19617,1435993552111,367.0
19618,1435993552132,349.0
19619,1435993552159,349.0
19620,1435993552175,330.0
19621,1435993552188,330.0
19622,1435993552210,321.0
19623,1435993552231,321.0
19624,1435993552252,314.0
19625,1435993552320,314.0
19626,1435993552321,298.0
19627,1435993552322,298.0
19628,1435993552327,289.0
19629,1435993552348,277.0
19630,1435993552367,277.0
19631,1435993552387,251.0
19632,1435993552415,251.0
19633,1435993552429,225.0
19634,1435993552449,225.0
19635,1435993552474,203.0
19636,1435993552492,203.0
19637,1435993552512,181.0
19638,1435993552531,181.0
19639,1435993552551,163.0
19640,1435993552571,146.0
19641,1435993552594,146.0
19642,1435993552610,130.0
19643,1435993552631,130.0
19644,1435993552671,119.0
19645,1435993552672,119.0
19646,1435993552689,113.0
19647,1435993552709,113.0
19648,1435993552729,109.0
19649,1435993552749,109.0
19650,1435993552770,106.0
19651,1435993552792,106.0
19652,1435993552811,108.0
19653,1435993552832,112.0
19654,1435993552850,112.0
19655,1435993552870,116.0
19656,1435993552890,116.0
19657,1435993552911,119.0
19658,1435993552989,119.0
19659,1435993552990,130.0
19660,1435993552991,130.0
19661,1435993552992,160.0
19662,1435993553008,160.0
19663,1435993553027,225.0
19664,1435993553048,312.0
19665,1435993553073,312.0
19666,1435993553090,396.0
19667,1435993553109,396.0
19668,1435993553132,469.0
19669,1435993553156,469.0
19670,1435993553171,524.0
19671,1435993553193,524.0
19672,1435993553210,534.0
19673,1435993553231,534.0
19674,1435993553250,503.0
19675,1435993553272,457.0
19676,1435993553291,457.0
19677,1435993553312,402.0
19678,1435993553333,402.0
19679,1435993553352,383.0
19680,1435993553396,383.0
19681,1435993553397,356.0
19682,1435993553409,356.0
19683,1435993553429,333.0
19684,1435993553448,333.0
19685,1435993553470,326.0
19686,1435993553491,309.0
19687,1435993553518,309.0
19688,1435993553530,299.0
19689,1435993553556,299.0
19690,1435993553571,285.0
19691,1435993553594,285.0
19692,1435993553638,262.0
19693,1435993553639,262.0
19694,1435993553654,238.0
19695,1435993553677,238.0
19696,1435993553688,214.0
19697,1435993553708,195.0
19698,1435993553730,195.0
19699,1435993553749,179.0
19700,1435993553773,179.0
19701,1435993553795,163.0
19702,1435993553812,163.0
19703,1435993553832,148.0
19704,1435993553851,148.0
19705,1435993553873,135.0
19706,1435993553892,135.0
19707,1435993553914,128.0
19708,1435993553933,122.0
19709,1435993553952,122.0
19710,1435993553973,117.0
19711,1435993553993,117.0
19712,1435993554013,116.0
19713,1435993554034,116.0
19714,1435993554053,119.0
19715,1435993554073,119.0
19716,1435993554095,123.0
19717,1435993554114,123.0
19718,1435993554133,128.0
19719,1435993554156,139.0
19720,1435993554170,139.0
19721,1435993554195,168.0
19722,1435993554220,168.0
19723,1435993554290,231.0
19724,1435993554291,231.0
19725,1435993554292,330.0
19726,1435993554293,330.0
19727,1435993554327,432.0
19728,1435993554329,432.0
19729,1435993554351,530.0
19730,1435993554369,600.0
19731,1435993554389,600.0
19732,1435993554409,611.0
19733,1435993554429,611.0
19734,1435993554450,573.0
19735,1435993554469,573.0
19736,1435993554489,535.0
19737,1435993554510,535.0
19738,1435993554529,513.0
19739,1435993554549,513.0
19740,1435993554570,472.0
19741,1435993554589,451.0
19742,1435993554609,451.0
19743,1435993554633,430.0
19744,1435993554657,430.0
19745,1435993554673,425.0
19746,1435993554694,425.0
19747,1435993554713,404.0
19748,1435993554732,404.0
19749,1435993554755,380.0
19750,1435993554773,380.0
19751,1435993554794,360.0
19752,1435993554816,326.0
19753,1435993554836,326.0
19754,1435993554855,289.0
19755,1435993554874,289.0
19756,1435993554896,258.0
19757,1435993554940,258.0
19758,1435993554941,231.0
19759,1435993554953,231.0
19760,1435993554969,209.0
19761,1435993554995,209.0
19762,1435993555011,191.0
19763,1435993555035,174.0
19764,1435993555054,174.0
19765,1435993555074,159.0
19766,1435993555094,159.0
19767,1435993555115,147.0
19768,1435993555134,147.0
19769,1435993555151,139.0
19770,1435993555175,139.0
19771,1435993555195,132.0
19772,1435993555214,132.0
19773,1435993555235,128.0
19774,1435993555255,131.0
19775,1435993555273,131.0
19776,1435993555294,139.0
19777,1435993555315,139.0
19778,1435993555333,142.0
19779,1435993555353,142.0
19780,1435993555372,146.0
19781,1435993555396,146.0
19782,1435993555412,166.0
19783,1435993555436,166.0
19784,1435993555454,215.0
19785,1435993555472,303.0
19786,1435993555492,303.0
19787,1435993555511,416.0
19788,1435993555546,416.0
19789,1435993555554,521.0
19790,1435993555622,521.0
19791,1435993555623,617.0
19792,1435993555624,617.0
19793,1435993555635,680.0
19794,1435993555650,680.0
19795,1435993555670,682.0
19796,1435993555695,633.0
19797,1435993555712,633.0
19798,1435993555733,577.0
19799,1435993555755,577.0
19800,1435993555775,529.0
19801,1435993555795,529.0
19802,1435993555817,499.0
19803,1435993555835,499.0
19804,1435993555855,468.0
19805,1435993555874,468.0
19806,1435993555894,452.0
19807,1435993555914,433.0
19808,1435993555936,433.0
19809,1435993555954,411.0
19810,1435993555974,411.0
19811,1435993555994,388.0
19812,1435993556016,388.0
19813,1435993556034,350.0
19814,1435993556055,350.0
19815,1435993556077,311.0
19816,1435993556095,311.0
19817,1435993556114,279.0
19818,1435993556136,260.0
19819,1435993556156,260.0
19820,1435993556175,243.0
19821,1435993556196,243.0
19822,1435993556216,225.0
19823,1435993556263,225.0
19824,1435993556264,206.0
19825,1435993556278,206.0
19826,1435993556293,187.0
19827,1435993556311,187.0
19828,1435993556333,172.0
19829,1435993556356,172.0
19830,1435993556374,159.0
19831,1435993556394,149.0
19832,1435993556415,149.0
19833,1435993556437,143.0
19834,1435993556456,143.0
19835,1435993556473,145.0
19836,1435993556496,145.0
19837,1435993556515,153.0
19838,1435993556535,153.0
19839,1435993556556,159.0
19840,1435993556575,159.0
19841,1435993556597,165.0
19842,1435993556615,185.0
19843,1435993556634,185.0
19844,1435993556655,228.0
19845,1435993556678,228.0
19846,1435993556693,306.0
19847,1435993556714,306.0
19848,1435993556739,412.0
19849,1435993556758,412.0
19850,1435993556778,524.0
19851,1435993556797,524.0
19852,1435993556814,637.0
19853,1435993556834,726.0
19854,1435993556856,726.0
19855,1435993556874,717.0
19856,1435993556897,717.0
19857,1435993556943,646.0
19858,1435993556944,646.0
19859,1435993556960,577.0
19860,1435993556975,577.0
19861,1435993556993,551.0
19862,1435993557017,551.0
19863,1435993557034,516.0
19864,1435993557054,492.0
19865,1435993557075,492.0
19866,1435993557096,489.0
19867,1435993557116,489.0
19868,1435993557136,474.0
19869,1435993557156,474.0
19870,1435993557176,453.0
19871,1435993557196,453.0
19872,1435993557218,418.0
19873,1435993557236,418.0
19874,1435993557256,381.0
19875,1435993557278,354.0
19876,1435993557295,354.0
19877,1435993557316,332.0
19878,1435993557338,332.0
19879,1435993557354,310.0
19880,1435993557375,310.0
19881,1435993557398,295.0
19882,1435993557418,295.0
19883,1435993557438,278.0
19884,1435993557460,278.0
19885,1435993557476,259.0
19886,1435993557494,240.0
19887,1435993557515,240.0
19888,1435993557534,223.0
19889,1435993557619,223.0
19890,1435993557620,208.0
19891,1435993557621,208.0
19892,1435993557622,197.0
19893,1435993557650,197.0
19894,1435993557652,186.0
19895,1435993557673,186.0
19896,1435993557696,183.0
19897,1435993557714,189.0
19898,1435993557734,189.0
19899,1435993557757,198.0
19900,1435993557777,198.0
19901,1435993557796,201.0
19902,1435993557815,201.0
19903,1435993557836,212.0
19904,1435993557857,212.0
19905,1435993557877,253.0
19906,1435993557896,253.0
19907,1435993557916,331.0
19908,1435993557937,439.0
19909,1435993557957,439.0
19910,1435993557975,563.0
19911,1435993557997,563.0
19912,1435993558017,690.0
19913,1435993558037,690.0
19914,1435993558057,791.0
19915,1435993558077,791.0
19916,1435993558097,819.0
19917,1435993558119,819.0
19918,1435993558136,780.0
19919,1435993558157,729.0
19920,1435993558178,729.0
19921,1435993558197,693.0
19922,1435993558217,693.0
19923,1435993558235,660.0
19924,1435993558280,660.0
19925,1435993558281,619.0
19926,1435993558293,619.0
19927,1435993558312,593.0
19928,1435993558335,593.0
19929,1435993558354,584.0
19930,1435993558377,557.0
19931,1435993558394,557.0
19932,1435993558419,526.0
19933,1435993558437,526.0
19934,1435993558457,501.0
19935,1435993558479,501.0
19936,1435993558496,470.0
19937,1435993558517,470.0
19938,1435993558539,442.0
19939,1435993558557,442.0
19940,1435993558577,401.0
19941,1435993558601,364.0
19942,1435993558618,364.0
19943,1435993558643,333.0
19944,1435993558656,333.0
19945,1435993558673,307.0
19946,1435993558694,307.0
19947,1435993558717,284.0
19948,1435993558737,284.0
19949,1435993558757,264.0
19950,1435993558780,264.0
19951,1435993558797,244.0
19952,1435993558814,227.0
19953,1435993558836,227.0
19954,1435993558856,213.0
19955,1435993558876,213.0
19956,1435993558896,205.0
19957,1435993558941,205.0
19958,1435993558942,207.0
19959,1435993558954,207.0
19960,1435993558974,216.0
19961,1435993558998,216.0
19962,1435993559016,223.0
19963,1435993559035,223.0
19964,1435993559053,223.0
19965,1435993559077,233.0
19966,1435993559099,233.0
19967,1435993559119,266.0
19968,1435993559140,266.0
19969,1435993559155,338.0
19970,1435993559178,338.0
19971,1435993559198,435.0
19972,1435993559218,435.0
19973,1435993559238,553.0
19974,1435993559259,668.0
19975,1435993559279,668.0
19976,1435993559297,767.0
19977,1435993559320,767.0
19978,1435993559335,818.0
19979,1435993559355,818.0
19980,1435993559376,794.0
19981,1435993559397,794.0
19982,1435993559418,739.0
19983,1435993559440,739.0
19984,1435993559458,689.0
19985,1435993559476,651.0
19986,1435993559497,651.0
19987,1435993559517,612.0
19988,1435993559537,612.0
19989,1435993559600,591.0
19990,1435993559601,591.0
19991,1435993559602,576.0
19992,1435993559614,576.0
19993,1435993559634,549.0
19994,1435993559654,549.0
19995,1435993559675,525.0
19996,1435993559694,525.0
19997,1435993559714,501.0
19998,1435993559734,476.0
19999,1435993559754,476.0
20000,1435993559774,440.0
20001,1435993559798,440.0
20002,1435993559815,401.0
20003,1435993559835,401.0
20004,1435993559860,375.0
20005,1435993559878,375.0
20006,1435993559896,355.0
20007,1435993559920,355.0
20008,1435993559937,335.0
20009,1435993559958,315.0
20010,1435993559981,315.0
20011,1435993559997,296.0
20012,1435993560039,296.0
20013,1435993560040,280.0
20014,1435993560059,280.0
20015,1435993560075,266.0
20016,1435993560095,266.0
20017,1435993560114,256.0
20018,1435993560134,256.0
20019,1435993560156,251.0
20020,1435993560175,257.0
20021,1435993560203,257.0
20022,1435993560217,273.0
20023,1435993560234,273.0
20024,1435993560254,286.0
20025,1435993560275,286.0
20026,1435993560295,296.0
20027,1435993560315,296.0
20028,1435993560336,313.0
20029,1435993560355,313.0
20030,1435993560375,365.0
20031,1435993560405,454.0
20032,1435993560422,454.0
20033,1435993560437,556.0
20034,1435993560456,556.0
20035,1435993560474,670.0
20036,1435993560495,670.0
20037,1435993560515,782.0
20038,1435993560535,782.0
20039,1435993560568,885.0
20040,1435993560575,885.0
20041,1435993560594,913.0
20042,1435993560616,862.0
20043,1435993560636,862.0
20044,1435993560656,798.0
20045,1435993560676,798.0
20046,1435993560697,763.0
20047,1435993560716,763.0
20048,1435993560736,728.0
20049,1435993560758,728.0
20050,1435993560789,694.0
20051,1435993560841,694.0
20052,1435993560842,681.0
20053,1435993560843,660.0
20054,1435993560855,660.0
20055,1435993560877,628.0
20056,1435993560896,628.0
20057,1435993560918,601.0
20058,1435993560938,601.0
20059,1435993560957,572.0
20060,1435993560979,572.0
20061,1435993561002,548.0
20062,1435993561019,548.0
20063,1435993561040,545.0
20064,1435993561060,526.0
20065,1435993561079,526.0
20066,1435993561100,488.0
20067,1435993561122,488.0
20068,1435993561140,468.0
20069,1435993561159,468.0
20070,1435993561191,450.0
20071,1435993561200,450.0
20072,1435993561223,427.0
20073,1435993561271,427.0
20074,1435993561272,406.0
20075,1435993561279,381.0
20076,1435993561296,381.0
20077,1435993561315,362.0
20078,1435993561335,362.0
20079,1435993561359,352.0
20080,1435993561379,352.0
20081,1435993561398,339.0
20082,1435993561419,339.0
20083,1435993561438,325.0
20084,1435993561499,325.0
20085,1435993561500,303.0
20086,1435993561501,291.0
20087,1435993561516,291.0
20088,1435993561536,281.0
20089,1435993561557,281.0
20090,1435993561578,294.0
20091,1435993561601,294.0
20092,1435993561618,349.0
20093,1435993561640,349.0
20094,1435993561661,442.0
20095,1435993561680,442.0
20096,1435993561700,542.0
20097,1435993561720,651.0
20098,1435993561738,651.0
20099,1435993561758,790.0
20100,1435993561778,790.0
20101,1435993561797,931.0
20102,1435993561817,931.0
20103,1435993561845,976.0
20104,1435993561860,976.0
20105,1435993561880,902.0
20106,1435993561898,902.0
20107,1435993561920,825.0
20108,1435993561940,783.0
20109,1435993561960,783.0
20110,1435993561980,737.0
20111,1435993562000,737.0
20112,1435993562020,699.0
20113,1435993562040,699.0
20114,1435993562058,677.0
20115,1435993562079,677.0
20116,1435993562108,658.0
20117,1435993562159,658.0
20118,1435993562160,628.0
20119,1435993562161,601.0
20120,1435993562177,601.0
20121,1435993562199,567.0
20122,1435993562216,567.0
20123,1435993562236,528.0
20124,1435993562259,528.0
20125,1435993562277,488.0
20126,1435993562297,488.0
20127,1435993562320,463.0
20128,1435993562341,463.0
20129,1435993562361,445.0
20130,1435993562383,427.0
20131,1435993562399,427.0
20132,1435993562421,407.0
20133,1435993562444,407.0
20134,1435993562460,384.0
20135,1435993562481,384.0
20136,1435993562501,358.0
20137,1435993562519,358.0
20138,1435993562540,330.0
20139,1435993562562,330.0
20140,1435993562579,306.0
20141,1435993562604,290.0
20142,1435993562621,290.0
20143,1435993562642,284.0
20144,1435993562661,284.0
20145,1435993562682,291.0
20146,1435993562699,291.0
20147,1435993562720,301.0
20148,1435993562752,301.0
20149,1435993562799,302.0
20150,1435993562800,302.0
20151,1435993562801,319.0
20152,1435993562817,319.0
20153,1435993562837,381.0
20154,1435993562858,482.0
20155,1435993562881,482.0
20156,1435993562898,597.0
20157,1435993562920,597.0
20158,1435993562941,702.0
20159,1435993562961,702.0
20160,1435993562982,796.0
20161,1435993562999,796.0
20162,1435993563021,915.0
20163,1435993563042,915.0
20164,1435993563059,1017.0
20165,1435993563080,1028.0
20166,1435993563105,1028.0
20167,1435993563121,963.0
20168,1435993563140,963.0
20169,1435993563162,918.0
20170,1435993563179,918.0
20171,1435993563201,887.0
20172,1435993563259,887.0
20173,1435993563260,846.0
20174,1435993563261,846.0
20175,1435993563278,809.0
20176,1435993563297,792.0
20177,1435993563319,792.0
20178,1435993563340,771.0
20179,1435993563360,771.0
20180,1435993563381,733.0
20181,1435993563403,733.0
20182,1435993563448,699.0
20183,1435993563449,699.0
20184,1435993563461,655.0
20185,1435993563479,655.0
20186,1435993563499,644.0
20187,1435993563522,669.0
20188,1435993563539,669.0
20189,1435993563559,663.0
20190,1435993563585,663.0
20191,1435993563602,634.0
20192,1435993563620,634.0
20193,1435993563647,593.0
20194,1435993563662,593.0
20195,1435993563680,557.0
20196,1435993563704,557.0
20197,1435993563722,526.0
20198,1435993563744,492.0
20199,1435993563760,492.0
20200,1435993563780,459.0
20201,1435993563799,459.0
20202,1435993563820,425.0
20203,1435993563839,425.0
20204,1435993563860,411.0
20205,1435993563881,411.0
20206,1435993563900,420.0
20207,1435993563920,420.0
20208,1435993563956,430.0
20209,1435993563958,444.0
20210,1435993563978,444.0
20211,1435993563999,468.0
20212,1435993564018,468.0
20213,1435993564038,502.0
20214,1435993564059,502.0
20215,1435993564078,558.0
20216,1435993564099,558.0
20217,1435993564122,615.0
20218,1435993564142,615.0
20219,1435993564159,717.0
20220,1435993564181,832.0
20221,1435993564202,832.0
20222,1435993564220,915.0
20223,1435993564274,915.0
20224,1435993564275,987.0
20225,1435993564287,987.0
20226,1435993564299,1030.0
20227,1435993564325,1030.0
20228,1435993564339,1010.0
20229,1435993564363,1010.0
20230,1435993564386,964.0
20231,1435993564401,937.0
20232,1435993564421,937.0
20233,1435993564439,912.0
20234,1435993564461,912.0
20235,1435993564484,888.0
20236,1435993564502,888.0
20237,1435993564522,874.0
20238,1435993564542,874.0
20239,1435993564563,859.0
20240,1435993564586,859.0
20241,1435993564608,819.0
20242,1435993564625,793.0
20243,1435993564643,793.0
20244,1435993564664,730.0
20245,1435993564730,730.0
20246,1435993564731,690.0
20247,1435993564732,690.0
20248,1435993564740,855.0
20249,1435993564759,855.0
20250,1435993564781,811.0
20251,1435993564799,811.0
20252,1435993564819,700.0
20253,1435993564842,680.0
20254,1435993564863,680.0
20255,1435993564885,672.0
20256,1435993564905,672.0
20257,1435993564921,645.0
20258,1435993564941,645.0
20259,1435993564966,617.0
20260,1435993564984,617.0
20261,1435993565003,591.0
20262,1435993565024,591.0
20263,1435993565043,541.0
20264,1435993565062,478.0
20265,1435993565085,478.0
20266,1435993565102,426.0
20267,1435993565122,426.0
20268,1435993565142,388.0
20269,1435993565163,388.0
20270,1435993565184,379.0
20271,1435993565204,379.0
20272,1435993565225,385.0
20273,1435993565289,385.0
20274,1435993565290,417.0
20275,1435993565291,478.0
20276,1435993565299,478.0
20277,1435993565323,599.0
20278,1435993565339,599.0
20279,1435993565359,735.0
20280,1435993565382,735.0
20281,1435993565401,836.0
20282,1435993565422,836.0
20283,1435993565478,922.0
20284,1435993565482,922.0
20285,1435993565483,986.0
20286,1435993565505,1019.0
20287,1435993565527,1019.0
20288,1435993565544,1039.0
20289,1435993565565,1039.0
20290,1435993565584,1036.0
20291,1435993565604,1036.0
20292,1435993565625,1017.0
20293,1435993565646,1017.0
20294,1435993565662,1016.0
20295,1435993565685,1016.0
20296,1435993565704,1007.0
20297,1435993565723,998.0
20298,1435993565744,998.0
20299,1435993565761,987.0
20300,1435993565781,987.0
20301,1435993565802,952.0
20302,1435993565821,952.0
20303,1435993565841,900.0
20304,1435993565862,900.0
20305,1435993565883,829.0
20306,1435993565905,829.0
20307,1435993565923,749.0
20308,1435993565968,749.0
20309,1435993565969,761.0
20310,1435993565982,841.0
20311,1435993566001,841.0
20312,1435993566022,827.0
20313,1435993566048,827.0
20314,1435993566064,786.0
20315,1435993566081,786.0
20316,1435993566105,786.0
20317,1435993566125,786.0
20318,1435993566145,782.0
20319,1435993566168,782.0
20320,1435993566184,734.0
20321,1435993566204,708.0
20322,1435993566225,708.0
20323,1435993566271,664.0
20324,1435993566272,664.0
20325,1435993566288,598.0
20326,1435993566302,598.0
20327,1435993566322,537.0
20328,1435993566343,537.0
20329,1435993566362,500.0
20330,1435993566382,500.0
20331,1435993566404,479.0
20332,1435993566427,479.0
20333,1435993566444,479.0
20334,1435993566468,490.0
20335,1435993566485,490.0
20336,1435993566504,521.0
20337,1435993566523,521.0
20338,1435993566542,605.0
20339,1435993566566,605.0
20340,1435993566627,695.0
20341,1435993566628,695.0
20342,1435993566629,765.0
20343,1435993566642,841.0
20344,1435993566664,841.0
20345,1435993566684,920.0
20346,1435993566704,920.0
20347,1435993566722,973.0
20348,1435993566747,973.0
20349,1435993566764,996.0
20350,1435993566781,996.0
20351,1435993566802,996.0
20352,1435993566825,996.0
20353,1435993566842,992.0
20354,1435993566865,979.0
20355,1435993566886,979.0
20356,1435993566904,961.0
20357,1435993566925,961.0
20358,1435993566946,949.0
20359,1435993566964,949.0
20360,1435993566985,921.0
20361,1435993567006,921.0
20362,1435993567025,876.0
20363,1435993567045,876.0
20364,1435993567066,843.0
20365,1435993567085,819.0
20366,1435993567107,819.0
20367,1435993567127,814.0
20368,1435993567145,814.0
20369,1435993567165,971.0
20370,1435993567188,971.0
20371,1435993567207,1262.0
20372,1435993567311,1262.0
20373,1435993567312,1105.0
20374,1435993567313,1105.0
20375,1435993567314,922.0
20376,1435993567315,836.0
20377,1435993567321,836.0
20378,1435993567341,765.0
20379,1435993567363,765.0
20380,1435993567381,726.0
20381,1435993567403,726.0
20382,1435993567427,704.0
20383,1435993567446,704.0
20384,1435993567466,698.0
20385,1435993567487,698.0
20386,1435993567504,680.0
20387,1435993567526,642.0
20388,1435993567546,642.0
20389,1435993567566,593.0
20390,1435993567591,593.0
20391,1435993567608,563.0
20392,1435993567626,563.0
20393,1435993567646,562.0
20394,1435993567667,562.0
20395,1435993567686,603.0
20396,1435993567705,603.0
20397,1435993567725,665.0
20398,1435993567746,723.0
20399,1435993567765,723.0
20400,1435993567784,744.0
20401,1435993567814,744.0
20402,1435993567824,758.0
20403,1435993567845,758.0
20404,1435993567863,795.0
20405,1435993567905,795.0
20406,1435993567906,823.0
20407,1435993567922,823.0
20408,1435993567942,826.0
20409,1435993567963,819.0
20410,1435993567986,819.0
20411,1435993568004,806.0
20412,1435993568024,806.0
20413,1435993568046,792.0
20414,1435993568067,792.0
20415,1435993568087,785.0
20416,1435993568107,785.0
20417,1435993568126,776.0
20418,1435993568147,776.0
20419,1435993568166,769.0
20420,1435993568187,768.0
20421,1435993568207,768.0
20422,1435993568226,759.0
20423,1435993568266,759.0
20424,1435993568267,758.0
20425,1435993568284,758.0
20426,1435993568303,757.0
20427,1435993568324,757.0
20428,1435993568344,708.0
20429,1435993568362,708.0
20430,1435993568396,730.0
20431,1435993568402,1122.0
20432,1435993568423,1122.0
20433,1435993568444,1381.0
20434,1435993568462,1381.0
20435,1435993568482,965.0
20436,1435993568553,965.0
20437,1435993568554,777.0
20438,1435993568555,777.0
20439,1435993568566,741.0
20440,1435993568585,741.0
20441,1435993568605,705.0
20442,1435993568627,681.0
20443,1435993568645,681.0
20444,1435993568665,665.0
20445,1435993568686,665.0
20446,1435993568707,644.0
20447,1435993568727,644.0
20448,1435993568748,606.0
20449,1435993568765,606.0
20450,1435993568787,538.0
20451,1435993568808,538.0
20452,1435993568827,460.0
20453,1435993568847,421.0
20454,1435993568867,421.0
20455,1435993568887,390.0
20456,1435993568905,390.0
20457,1435993568928,361.0
20458,1435993568947,361.0
20459,1435993568965,357.0
20460,1435993568987,357.0
20461,1435993569007,373.0
20462,1435993569042,373.0
20463,1435993569049,411.0
20464,1435993569068,411.0
20465,1435993569085,464.0
20466,1435993569103,531.0
20467,1435993569125,531.0
20468,1435993569146,589.0
20469,1435993569165,589.0
20470,1435993569216,648.0
20471,1435993569217,648.0
20472,1435993569225,699.0
20473,1435993569244,699.0
20474,1435993569264,706.0
20475,1435993569286,706.0
20476,1435993569305,671.0
20477,1435993569326,624.0
20478,1435993569345,624.0
20479,1435993569374,578.0
20480,1435993569388,578.0
20481,1435993569404,563.0
20482,1435993569423,563.0
20483,1435993569444,542.0
20484,1435993569464,542.0
20485,1435993569483,537.0
20486,1435993569504,537.0
20487,1435993569525,536.0
20488,1435993569544,527.0
20489,1435993569567,527.0
20490,1435993569590,517.0
20491,1435993569606,517.0
20492,1435993569627,517.0
20493,1435993569650,517.0
20494,1435993569668,538.0
20495,1435993569687,538.0
20496,1435993569710,531.0
20497,1435993569728,531.0
20498,1435993569747,506.0
20499,1435993569769,475.0
20500,1435993569788,475.0
20501,1435993569808,443.0
20502,1435993569829,443.0
20503,1435993569847,404.0
20504,1435993569874,404.0
20505,1435993569934,379.0
20506,1435993569935,379.0
20507,1435993569936,363.0
20508,1435993569949,363.0
20509,1435993569964,352.0
20510,1435993569984,343.0
20511,1435993570005,343.0
20512,1435993570024,332.0
20513,1435993570045,332.0
20514,1435993570069,325.0
20515,1435993570088,325.0
20516,1435993570109,325.0
20517,1435993570130,325.0
20518,1435993570149,316.0
20519,1435993570168,316.0
20520,1435993570189,302.0
20521,1435993570208,299.0
20522,1435993570226,299.0
20523,1435993570249,315.0
20524,1435993570268,315.0
20525,1435993570288,361.0
20526,1435993570309,361.0
20527,1435993570327,435.0
20528,1435993570350,435.0
20529,1435993570370,537.0
20530,1435993570396,537.0
20531,1435993570418,631.0
20532,1435993570427,697.0
20533,1435993570447,697.0
20534,1435993570472,713.0
20535,1435993570495,713.0
20536,1435993570538,681.0
20537,1435993570539,681.0
20538,1435993570552,629.0
20539,1435993570586,629.0
20540,1435993570587,613.0
20541,1435993570607,613.0
20542,1435993570625,586.0
20543,1435993570647,553.0
20544,1435993570670,553.0
20545,1435993570689,552.0
20546,1435993570709,552.0
20547,1435993570730,538.0
20548,1435993570748,538.0
20549,1435993570769,515.0
20550,1435993570790,515.0
20551,1435993570809,517.0
20552,1435993570829,517.0
20553,1435993570850,525.0
20554,1435993570867,511.0
20555,1435993570889,511.0
20556,1435993570909,471.0
20557,1435993570929,471.0
20558,1435993570958,430.0
20559,1435993570971,430.0
20560,1435993570988,396.0
20561,1435993571008,396.0
20562,1435993571029,368.0
20563,1435993571046,368.0
20564,1435993571066,342.0
20565,1435993571090,324.0
20566,1435993571108,324.0
20567,1435993571137,309.0
20568,1435993571214,309.0
20569,1435993571215,293.0
20570,1435993571216,293.0
20571,1435993571217,283.0
20572,1435993571233,283.0
20573,1435993571245,279.0
20574,1435993571266,279.0
20575,1435993571287,276.0
20576,1435993571308,281.0
20577,1435993571330,281.0
20578,1435993571348,285.0
20579,1435993571370,285.0
20580,1435993571391,274.0
20581,1435993571408,274.0
20582,1435993571429,266.0
20583,1435993571454,266.0
20584,1435993571470,271.0
20585,1435993571487,271.0
20586,1435993571507,298.0
20587,1435993571527,349.0
20588,1435993571548,349.0
20589,1435993571571,425.0
20590,1435993571590,425.0
20591,1435993571607,507.0
20592,1435993571628,507.0
20593,1435993571647,604.0
20594,1435993571672,604.0
20595,1435993571693,715.0
20596,1435993571712,715.0
20597,1435993571730,739.0
20598,1435993571748,629.0
20599,1435993571767,629.0
20600,1435993571787,550.0
20601,1435993571809,550.0
20602,1435993571867,534.0
20603,1435993571868,534.0
20604,1435993571875,495.0
20605,1435993571894,495.0
20606,1435993571906,475.0
20607,1435993571930,475.0
20608,1435993571948,469.0
20609,1435993571967,469.0
20610,1435993571987,453.0
20611,1435993572006,452.0
20612,1435993572026,452.0
20613,1435993572047,467.0
20614,1435993572068,467.0
20615,1435993572090,463.0
20616,1435993572111,463.0
20617,1435993572130,423.0
20618,1435993572149,423.0
20619,1435993572172,381.0
20620,1435993572194,381.0
20621,1435993572212,348.0
20622,1435993572233,324.0
20623,1435993572250,324.0
20624,1435993572272,304.0
20625,1435993572290,304.0
20626,1435993572308,290.0
20627,1435993572330,290.0
20628,1435993572351,277.0
20629,1435993572370,277.0
20630,1435993572390,264.0
20631,1435993572409,264.0
20632,1435993572430,255.0
20633,1435993572449,253.0
20634,1435993572525,253.0
20635,1435993572526,258.0
20636,1435993572527,258.0
20637,1435993572534,277.0
20638,1435993572548,277.0
20639,1435993572566,293.0
20640,1435993572587,293.0
20641,1435993572606,293.0
20642,1435993572629,293.0
20643,1435993572652,281.0
20644,1435993572671,278.0
20645,1435993572691,278.0
20646,1435993572712,293.0
20647,1435993572730,293.0
20648,1435993572751,340.0
20649,1435993572771,340.0
20650,1435993572791,422.0
20651,1435993572811,422.0
20652,1435993572831,522.0
20653,1435993572851,522.0
20654,1435993572871,631.0
20655,1435993572892,747.0
20656,1435993572908,747.0
20657,1435993572930,800.0
20658,1435993572951,800.0
20659,1435993572973,756.0
20660,1435993572991,756.0
20661,1435993573009,677.0
20662,1435993573028,677.0
20663,1435993573048,596.0
20664,1435993573069,596.0
20665,1435993573095,564.0
20666,1435993573137,532.0
20667,1435993573138,532.0
20668,1435993573154,511.0
20669,1435993573171,511.0
20670,1435993573191,505.0
20671,1435993573208,505.0
20672,1435993573227,486.0
20673,1435993573251,486.0
20674,1435993573267,485.0
20675,1435993573289,485.0
20676,1435993573313,491.0
20677,1435993573332,481.0
20678,1435993573350,481.0
20679,1435993573374,446.0
20680,1435993573391,446.0
20681,1435993573411,410.0
20682,1435993573434,410.0
20683,1435993573461,383.0
20684,1435993573470,383.0
20685,1435993573498,361.0
20686,1435993573509,361.0
20687,1435993573529,341.0
20688,1435993573551,323.0
20689,1435993573569,323.0
20690,1435993573589,308.0
20691,1435993573611,308.0
20692,1435993573632,294.0
20693,1435993573651,294.0
20694,1435993573670,284.0
20695,1435993573691,284.0
20696,1435993573710,285.0
20697,1435993573730,285.0
20698,1435993573752,301.0
20699,1435993573770,334.0
20700,1435993573818,334.0
20701,1435993573819,363.0
20702,1435993573827,363.0
20703,1435993573848,376.0
20704,1435993573868,376.0
20705,1435993573889,381.0
20706,1435993573911,381.0
20707,1435993573930,400.0
20708,1435993573950,400.0
20709,1435993573971,436.0
20710,1435993573989,491.0
20711,1435993574009,491.0
20712,1435993574030,563.0
20713,1435993574049,563.0
20714,1435993574069,650.0
20715,1435993574093,650.0
20716,1435993574112,768.0
20717,1435993574132,768.0
20718,1435993574152,860.0
20719,1435993574174,860.0
20720,1435993574219,841.0
20721,1435993574220,768.0
20722,1435993574249,768.0
20723,1435993574250,707.0
20724,1435993574270,707.0
20725,1435993574289,681.0
20726,1435993574310,681.0
20727,1435993574330,631.0
20728,1435993574354,631.0
20729,1435993574374,591.0
20730,1435993574390,591.0
20731,1435993574411,595.0
20732,1435993574510,582.0
20733,1435993574511,582.0
20734,1435993574512,554.0
20735,1435993574513,554.0
20736,1435993574514,561.0
20737,1435993574528,561.0
20738,1435993574548,574.0
20739,1435993574569,574.0
20740,1435993574588,563.0
20741,1435993574609,563.0
20742,1435993574635,527.0
20743,1435993574654,482.0
20744,1435993574672,482.0
20745,1435993574695,451.0
20746,1435993574716,451.0
20747,1435993574732,426.0
20748,1435993574755,426.0
20749,1435993574773,405.0
20750,1435993574792,405.0
20751,1435993574815,390.0
20752,1435993574830,390.0
20753,1435993574852,375.0
20754,1435993574874,360.0
20755,1435993574892,360.0
20756,1435993574912,354.0
20757,1435993574933,354.0
20758,1435993574953,372.0
20759,1435993574974,372.0
20760,1435993574997,399.0
20761,1435993575014,399.0
20762,1435993575033,427.0
20763,1435993575052,427.0
20764,1435993575070,445.0
20765,1435993575130,445.0
20766,1435993575131,453.0
20767,1435993575132,468.0
20768,1435993575150,468.0
20769,1435993575169,496.0
20770,1435993575190,496.0
20771,1435993575212,537.0
20772,1435993575232,537.0
20773,1435993575250,585.0
20774,1435993575272,585.0
20775,1435993575291,633.0
20776,1435993575313,633.0
20777,1435993575331,706.0
20778,1435993575370,807.0
20779,1435993575371,807.0
20780,1435993575390,902.0
20781,1435993575441,902.0
20782,1435993575442,909.0
20783,1435993575449,909.0
20784,1435993575469,834.0
20785,1435993575492,834.0
20786,1435993575509,765.0
20787,1435993575530,765.0
20788,1435993575549,733.0
20789,1435993575569,711.0
20790,1435993575590,711.0
20791,1435993575609,681.0
20792,1435993575629,681.0
20793,1435993575650,673.0
20794,1435993575670,673.0
20795,1435993575690,668.0
20796,1435993575713,668.0
20797,1435993575730,671.0
20798,1435993575750,671.0
20799,1435993575772,682.0
20800,1435993575791,697.0
20801,1435993575810,697.0
20802,1435993575841,709.0
20803,1435993575854,709.0
20804,1435993575875,668.0
20805,1435993575896,668.0
20806,1435993575912,629.0
20807,1435993575932,629.0
20808,1435993575956,620.0
20809,1435993575974,620.0
20810,1435993575994,635.0
20811,1435993576016,649.0
20812,1435993576035,649.0
20813,1435993576054,655.0
20814,1435993576077,655.0
20815,1435993576091,643.0
20816,1435993576115,643.0
20817,1435993576134,646.0
20818,1435993576154,646.0
20819,1435993576174,694.0
20820,1435993576194,694.0
20821,1435993576214,740.0
20822,1435993576235,736.0
20823,1435993576255,736.0
20824,1435993576274,688.0
20825,1435993576295,688.0
20826,1435993576315,580.0
20827,1435993576334,580.0
20828,1435993576354,483.0
20829,1435993576381,483.0
20830,1435993576399,477.0
20831,1435993576412,477.0
20832,1435993576431,547.0
20833,1435993576450,621.0
20834,1435993576470,621.0
20835,1435993576494,694.0
20836,1435993576514,694.0
20837,1435993576532,759.0
20838,1435993576556,759.0
20839,1435993576574,833.0
20840,1435993576595,833.0
20841,1435993576613,911.0
20842,1435993576634,911.0
20843,1435993576655,907.0
20844,1435993576675,835.0
20845,1435993576695,835.0
20846,1435993576715,774.0
20847,1435993576735,774.0
20848,1435993576756,748.0
20849,1435993576772,748.0
20850,1435993576793,721.0
20851,1435993576812,721.0
20852,1435993576832,703.0
20853,1435993576852,703.0
20854,1435993576872,702.0
20855,1435993576896,689.0
20856,1435993576917,689.0
20857,1435993576934,678.0
20858,1435993576953,678.0
20859,1435993576974,677.0
20860,1435993576995,677.0
20861,1435993577014,682.0
20862,1435993577078,682.0
20863,1435993577079,683.0
20864,1435993577080,683.0
20865,1435993577093,654.0
20866,1435993577111,615.0
20867,1435993577136,615.0
20868,1435993577156,592.0
20869,1435993577172,592.0
20870,1435993577192,575.0
20871,1435993577215,575.0
20872,1435993577237,557.0
20873,1435993577257,557.0
20874,1435993577277,541.0
20875,1435993577294,541.0
20876,1435993577315,523.0
20877,1435993577336,502.0
20878,1435993577355,502.0
20879,1435993577375,474.0
20880,1435993577396,474.0
20881,1435993577417,448.0
20882,1435993577433,448.0
20883,1435993577456,443.0
20884,1435993577476,443.0
20885,1435993577495,460.0
20886,1435993577516,460.0
20887,1435993577535,480.0
20888,1435993577555,525.0
20889,1435993577576,525.0
20890,1435993577595,625.0
20891,1435993577616,625.0
20892,1435993577636,734.0
20893,1435993577656,734.0
20894,1435993577676,807.0
20895,1435993577695,807.0
20896,1435993577736,854.0
20897,1435993577737,854.0
20898,1435993577752,907.0
20899,1435993577774,967.0
20900,1435993577792,967.0
20901,1435993577815,1030.0
20902,1435993577834,1030.0
20903,1435993577854,1032.0
20904,1435993577875,1032.0
20905,1435993577894,972.0
20906,1435993577914,972.0
20907,1435993577937,914.0
20908,1435993577953,914.0
20909,1435993577976,911.0
20910,1435993577997,893.0
20911,1435993578016,893.0
20912,1435993578036,863.0
20913,1435993578057,863.0
20914,1435993578076,876.0
20915,1435993578095,876.0
20916,1435993578116,877.0
20917,1435993578136,877.0
20918,1435993578154,882.0
20919,1435993578175,882.0
20920,1435993578196,921.0
20921,1435993578218,921.0
20922,1435993578239,991.0
20923,1435993578259,1186.0
20924,1435993578276,1186.0
20925,1435993578298,1142.0
20926,1435993578314,1142.0
20927,1435993578334,947.0
20928,1435993578357,947.0
20929,1435993578377,893.0
20930,1435993578419,893.0
20931,1435993578420,888.0
20932,1435993578434,888.0
20933,1435993578453,913.0
20934,1435993578475,959.0
20935,1435993578493,959.0
20936,1435993578517,991.0
20937,1435993578536,991.0
20938,1435993578554,1033.0
20939,1435993578577,1033.0
20940,1435993578598,1099.0
20941,1435993578618,1099.0
20942,1435993578634,1190.0
20943,1435993578657,1190.0
20944,1435993578677,1251.0
20945,1435993578697,1278.0
20946,1435993578717,1278.0
20947,1435993578737,1270.0
20948,1435993578757,1270.0
20949,1435993578776,1250.0
20950,1435993578796,1250.0
20951,1435993578817,1229.0
20952,1435993578835,1229.0
20953,1435993578855,1201.0
20954,1435993578877,1201.0
20955,1435993578900,1191.0
20956,1435993578918,1159.0
20957,1435993578940,1159.0
20958,1435993578958,1131.0
20959,1435993578975,1131.0
20960,1435993578994,1136.0
20961,1435993579017,1136.0
20962,1435993579036,1141.0
20963,1435993579095,1141.0
20964,1435993579096,1124.0
20965,1435993579097,1124.0
20966,1435993579113,1115.0
20967,1435993579134,1092.0
20968,1435993579153,1092.0
20969,1435993579176,1094.0
20970,1435993579195,1094.0
20971,1435993579216,1114.0
20972,1435993579236,1114.0
20973,1435993579257,1122.0
20974,1435993579277,1122.0
20975,1435993579297,1157.0
20976,1435993579317,1157.0
20977,1435993579336,1194.0
20978,1435993579357,1240.0
20979,1435993579378,1240.0
20980,1435993579395,1301.0
20981,1435993579425,1301.0
20982,1435993579438,1434.0
20983,1435993579454,1434.0
20984,1435993579476,1751.0
20985,1435993579507,1751.0
20986,1435993579514,1622.0
20987,1435993579534,1622.0
20988,1435993579556,1504.0
20989,1435993579577,1543.0
20990,1435993579599,1543.0
20991,1435993579619,1602.0
20992,1435993579638,1602.0
20993,1435993579656,1632.0
20994,1435993579676,1632.0
20995,1435993579697,1674.0
20996,1435993579715,1674.0
20997,1435993579778,1684.0
20998,1435993579779,1684.0
20999,1435993579780,1765.0
21000,1435993579794,1898.0
21001,1435993579814,1898.0
21002,1435993579838,1957.0
21003,1435993579856,1957.0
21004,1435993579876,1907.0
21005,1435993579894,1907.0
21006,1435993579986,1812.0
21007,1435993579987,1812.0
21008,1435993579988,1737.0
21009,1435993579989,1737.0
21010,1435993579995,1716.0
21011,1435993580018,1686.0
21012,1435993580038,1686.0
21013,1435993580057,1587.0
21014,1435993580074,1587.0
21015,1435993580097,1477.0
21016,1435993580118,1477.0
21017,1435993580184,1365.0
21018,1435993580185,1365.0
21019,1435993580186,1252.0
21020,1435993580194,1252.0
21021,1435993580214,1169.0
21022,1435993580234,1131.0
21023,1435993580256,1131.0
21024,1435993580274,1123.0
21025,1435993580294,1123.0
21026,1435993580317,1098.0
21027,1435993580335,1098.0
21028,1435993580354,1093.0
21029,1435993580375,1093.0
21030,1435993580438,1145.0
21031,1435993580439,1145.0
21032,1435993580440,1179.0
21033,1435993580455,1193.0
21034,1435993580474,1193.0
21035,1435993580494,1235.0
21036,1435993580515,1235.0
21037,1435993580546,1273.0
21038,1435993580554,1273.0
21039,1435993580590,1312.0
21040,1435993580594,1312.0
21041,1435993580614,1391.0
21042,1435993580635,1391.0
21043,1435993580655,1641.0
21044,1435993580675,1789.0
21045,1435993580695,1789.0
21046,1435993580715,1711.0
21047,1435993580735,1711.0
21048,1435993580758,1699.0
21049,1435993580775,1699.0
21050,1435993580796,1709.0
21051,1435993580818,1709.0
21052,1435993580836,1744.0
21053,1435993580858,1744.0
21054,1435993580876,1787.0
21055,1435993580896,1782.0
21056,1435993580916,1782.0
21057,1435993580941,1805.0
21058,1435993580962,1805.0
21059,1435993580982,1899.0
21060,1435993580998,1899.0
21061,1435993581021,2006.0
21062,1435993581089,2006.0
21063,1435993581090,2045.0
21064,1435993581091,2045.0
21065,1435993581095,2003.0
21066,1435993581117,1897.0
21067,1435993581137,1897.0
21068,1435993581156,1767.0
21069,1435993581180,1767.0
21070,1435993581197,1644.0
21071,1435993581220,1644.0
21072,1435993581267,1514.0
21073,1435993581268,1514.0
21074,1435993581281,1350.0
21075,1435993581297,1350.0
21076,1435993581315,1169.0
21077,1435993581335,1007.0
21078,1435993581359,1007.0
21079,1435993581379,898.0
21080,1435993581399,898.0
21081,1435993581421,850.0
21082,1435993581437,850.0
21083,1435993581459,844.0
21084,1435993581478,844.0
21085,1435993581497,854.0
21086,1435993581517,854.0
21087,1435993581539,851.0
21088,1435993581562,851.0
21089,1435993581579,856.0
21090,1435993581600,869.0
21091,1435993581617,869.0
21092,1435993581638,876.0
21093,1435993581657,876.0
21094,1435993581678,885.0
21095,1435993581700,885.0
21096,1435993581748,916.0
21097,1435993581749,916.0
21098,1435993581765,952.0
21099,1435993581777,952.0
21100,1435993581795,997.0
21101,1435993581815,1300.0
21102,1435993581836,1300.0
21103,1435993581856,1697.0
21104,1435993581879,1697.0
21105,1435993581902,1268.0
21106,1435993581920,1268.0
21107,1435993581939,1135.0
21108,1435993581962,1135.0
21109,1435993581980,1126.0
21110,1435993582000,1126.0
21111,1435993582019,1112.0
21112,1435993582040,1118.0
21113,1435993582061,1118.0
21114,1435993582082,1139.0
21115,1435993582101,1139.0
21116,1435993582118,1147.0
21117,1435993582138,1147.0
21118,1435993582157,1120.0
21119,1435993582186,1120.0
21120,1435993582198,1072.0
21121,1435993582225,1072.0
21122,1435993582245,1059.0
21123,1435993582282,1104.0
21124,1435993582283,1104.0
21125,1435993582296,1178.0
21126,1435993582316,1178.0
21127,1435993582338,1316.0
21128,1435993582356,1316.0
21129,1435993582377,1463.0
21130,1435993582398,1463.0
21131,1435993582418,1482.0
21132,1435993582438,1482.0
21133,1435993582458,1347.0
21134,1435993582480,1181.0
21135,1435993582500,1181.0
21136,1435993582520,1058.0
21137,1435993582540,1058.0
21138,1435993582561,943.0
21139,1435993582580,943.0
21140,1435993582600,857.0
21141,1435993582622,857.0
21142,1435993582640,817.0
21143,1435993582660,817.0
21144,1435993582680,827.0
21145,1435993582698,841.0
21146,1435993582720,841.0
21147,1435993582741,842.0
21148,1435993582764,842.0
21149,1435993582779,852.0
21150,1435993582798,852.0
21151,1435993582818,858.0
21152,1435993582838,858.0
21153,1435993582858,864.0
21154,1435993582880,864.0
21155,1435993582901,879.0
21156,1435993582921,903.0
21157,1435993582939,903.0
21158,1435993582961,954.0
21159,1435993583023,954.0
21160,1435993583024,1103.0
21161,1435993583025,1103.0
21162,1435993583039,1808.0
21163,1435993583058,1808.0
21164,1435993583077,2147.0
21165,1435993583100,2147.0
21166,1435993583118,1834.0
21167,1435993583140,1410.0
21168,1435993583164,1410.0
21169,1435993583180,1209.0
21170,1435993583198,1209.0
21171,1435993583221,1139.0
21172,1435993583245,1139.0
21173,1435993583274,1134.0
21174,1435993583282,1134.0
21175,1435993583298,1158.0
21176,1435993583318,1158.0
21177,1435993583339,1195.0
21178,1435993583358,1253.0
21179,1435993583381,1253.0
21180,1435993583402,1351.0
21181,1435993583420,1351.0
21182,1435993583441,1459.0
21183,1435993583461,1459.0
21184,1435993583480,1525.0
21185,1435993583501,1525.0
21186,1435993583520,1461.0
21187,1435993583540,1461.0
21188,1435993583562,1254.0
21189,1435993583581,1021.0
21190,1435993583609,1021.0
21191,1435993583665,828.0
21192,1435993583666,828.0
21193,1435993583667,763.0
21194,1435993583680,763.0
21195,1435993583698,695.0
21196,1435993583718,695.0
21197,1435993583741,576.0
21198,1435993583759,576.0
21199,1435993583778,519.0
21200,1435993583798,521.0
21201,1435993583819,521.0
21202,1435993583838,540.0
21203,1435993583860,540.0
21204,1435993583880,537.0
21205,1435993583901,537.0
21206,1435993583919,519.0
21207,1435993583942,519.0
21208,1435993583962,500.0
21209,1435993583981,500.0
21210,1435993584000,484.0
21211,1435993584019,469.0
21212,1435993584040,469.0
21213,1435993584060,462.0
21214,1435993584081,462.0
21215,1435993584100,454.0
21216,1435993584122,454.0
21217,1435993584141,447.0
21218,1435993584162,447.0
21219,1435993584186,432.0
21220,1435993584204,432.0
21221,1435993584226,427.0
21222,1435993584316,477.0
21223,1435993584317,477.0
21224,1435993584318,555.0
21225,1435993584319,555.0
21226,1435993584320,498.0
21227,1435993584337,498.0
21228,1435993584360,490.0
21229,1435993584377,490.0
21230,1435993584397,464.0
21231,1435993584424,464.0
21232,1435993584442,438.0
21233,1435993584462,432.0
21234,1435993584482,432.0
21235,1435993584502,439.0
21236,1435993584522,439.0
21237,1435993584542,448.0
21238,1435993584562,448.0
21239,1435993584582,447.0
21240,1435993584603,447.0
21241,1435993584624,424.0
21242,1435993584640,424.0
21243,1435993584661,379.0
21244,1435993584680,335.0
21245,1435993584700,335.0
21246,1435993584726,308.0
21247,1435993584745,308.0
21248,1435993584777,287.0
21249,1435993584783,287.0
21250,1435993584798,286.0
21251,1435993584818,286.0
21252,1435993584839,307.0
21253,1435993584863,307.0
21254,1435993584889,335.0
21255,1435993584899,335.0
21256,1435993584918,365.0
21257,1435993584939,401.0
21258,1435993584959,401.0
21259,1435993584978,446.0
21260,1435993584998,446.0
21261,1435993585019,492.0
21262,1435993585038,492.0
21263,1435993585061,509.0
21264,1435993585086,509.0
21265,1435993585101,482.0
21266,1435993585122,482.0
21267,1435993585143,456.0
21268,1435993585163,436.0
21269,1435993585182,436.0
21270,1435993585211,420.0
21271,1435993585221,420.0
21272,1435993585272,405.0
21273,1435993585273,405.0
21274,1435993585280,394.0
21275,1435993585299,394.0
21276,1435993585321,376.0
21277,1435993585340,376.0
21278,1435993585360,359.0
21279,1435993585387,353.0
21280,1435993585400,353.0
21281,1435993585421,371.0
21282,1435993585444,371.0
21283,1435993585465,391.0
21284,1435993585527,391.0
21285,1435993585528,372.0
21286,1435993585529,372.0
21287,1435993585539,352.0
21288,1435993585563,352.0
21289,1435993585582,337.0
21290,1435993585604,325.0
21291,1435993585622,325.0
21292,1435993585640,312.0
21293,1435993585665,312.0
21294,1435993585684,303.0
21295,1435993585704,303.0
21296,1435993585721,291.0
21297,1435993585750,291.0
21298,1435993585765,281.0
21299,1435993585780,281.0
21300,1435993585801,272.0
21301,1435993585820,262.0
21302,1435993585840,262.0
21303,1435993585863,257.0
21304,1435993585884,257.0
21305,1435993585905,258.0
21306,1435993585924,258.0
21307,1435993585944,253.0
21308,1435993585963,253.0
21309,1435993585985,249.0
21310,1435993586006,249.0
21311,1435993586025,253.0
21312,1435993586044,275.0
21313,1435993586063,275.0
21314,1435993586083,304.0
21315,1435993586105,304.0
21316,1435993586131,336.0
21317,1435993586209,336.0
21318,1435993586210,371.0
21319,1435993586211,371.0
21320,1435993586212,414.0
21321,1435993586222,414.0
21322,1435993586240,457.0
21323,1435993586260,468.0
21324,1435993586280,468.0
21325,1435993586299,437.0
21326,1435993586320,437.0
21327,1435993586341,414.0
21328,1435993586382,414.0
21329,1435993586383,399.0
21330,1435993586400,399.0
21331,1435993586419,381.0
21332,1435993586439,381.0
21333,1435993586460,373.0
21334,1435993586479,367.0
21335,1435993586506,367.0
21336,1435993586523,355.0
21337,1435993586542,355.0
21338,1435993586561,350.0
21339,1435993586585,350.0
21340,1435993586601,350.0
21341,1435993586628,350.0
21342,1435993586649,366.0
21343,1435993586664,366.0
21344,1435993586685,364.0
21345,1435993586705,344.0
21346,1435993586723,344.0
21347,1435993586742,325.0
21348,1435993586764,325.0
21349,1435993586829,312.0
21350,1435993586830,312.0
21351,1435993586831,300.0
21352,1435993586844,300.0
21353,1435993586860,290.0
21354,1435993586886,290.0
21355,1435993586903,281.0
21356,1435993586922,269.0
21357,1435993586944,269.0
21358,1435993586964,256.0
21359,1435993586985,256.0
21360,1435993587006,249.0
21361,1435993587025,249.0
21362,1435993587042,243.0
21363,1435993587065,243.0
21364,1435993587085,244.0
21365,1435993587104,244.0
21366,1435993587125,249.0
21367,1435993587146,246.0
21368,1435993587163,246.0
21369,1435993587185,240.0
21370,1435993587202,240.0
21371,1435993587222,244.0
21372,1435993587244,244.0
21373,1435993587265,267.0
21374,1435993587288,267.0
21375,1435993587308,300.0
21376,1435993587325,300.0
21377,1435993587342,331.0
21378,1435993587363,361.0
21379,1435993587382,361.0
21380,1435993587405,396.0
21381,1435993587486,396.0
21382,1435993587487,440.0
21383,1435993587488,440.0
21384,1435993587489,464.0
21385,1435993587505,464.0
21386,1435993587525,445.0
21387,1435993587543,445.0
21388,1435993587563,411.0
21389,1435993587585,389.0
21390,1435993587604,389.0
21391,1435993587624,374.0
21392,1435993587645,374.0
21393,1435993587664,363.0
21394,1435993587683,363.0
21395,1435993587705,352.0
21396,1435993587726,352.0
21397,1435993587745,345.0
21398,1435993587764,345.0
21399,1435993587786,339.0
21400,1435993587805,342.0
21401,1435993587825,342.0
21402,1435993587846,366.0
21403,1435993587865,366.0
21404,1435993587884,380.0
21405,1435993587905,380.0
21406,1435993587925,355.0
21407,1435993587948,355.0
21408,1435993587969,332.0
21409,1435993587988,332.0
21410,1435993588006,312.0
21411,1435993588027,298.0
21412,1435993588044,298.0
21413,1435993588065,286.0
21414,1435993588095,286.0
21415,1435993588154,278.0
21416,1435993588155,278.0
21417,1435993588156,268.0
21418,1435993588168,268.0
21419,1435993588181,256.0
21420,1435993588202,256.0
21421,1435993588226,250.0
21422,1435993588243,250.0
21423,1435993588265,248.0
21424,1435993588288,252.0
21425,1435993588304,252.0
21426,1435993588324,266.0
21427,1435993588346,266.0
21428,1435993588363,273.0
21429,1435993588384,273.0
21430,1435993588405,266.0
21431,1435993588426,266.0
21432,1435993588447,260.0
21433,1435993588467,260.0
21434,1435993588484,267.0
21435,1435993588507,286.0
21436,1435993588526,286.0
21437,1435993588546,307.0
21438,1435993588566,307.0
21439,1435993588586,334.0
21440,1435993588606,334.0
21441,1435993588630,366.0
21442,1435993588646,366.0
21443,1435993588666,407.0
21444,1435993588688,407.0
21445,1435993588706,441.0
21446,1435993588726,441.0
21447,1435993588746,441.0
21448,1435993588791,412.0
21449,1435993588792,412.0
21450,1435993588807,386.0
21451,1435993588822,386.0
21452,1435993588842,372.0
21453,1435993588864,372.0
21454,1435993588886,359.0
21455,1435993588904,359.0
21456,1435993588924,348.0
21457,1435993588947,343.0
21458,1435993588967,343.0
21459,1435993588987,338.0
21460,1435993589004,338.0
21461,1435993589027,339.0
21462,1435993589050,339.0
21463,1435993589064,357.0
21464,1435993589084,357.0
21465,1435993589107,391.0
21466,1435993589124,391.0
21467,1435993589144,406.0
21468,1435993589169,361.0
21469,1435993589187,361.0
21470,1435993589207,334.0
21471,1435993589232,334.0
21472,1435993589247,313.0
21473,1435993589267,313.0
21474,1435993589286,295.0
21475,1435993589306,295.0
21476,1435993589327,283.0
21477,1435993589352,283.0
21478,1435993589366,273.0
21479,1435993589385,260.0
21480,1435993589415,260.0
21481,1435993589457,247.0
21482,1435993589458,247.0
21483,1435993589475,241.0
21484,1435993589487,241.0
21485,1435993589505,241.0
21486,1435993589524,241.0
21487,1435993589545,246.0
21488,1435993589565,246.0
21489,1435993589584,249.0
21490,1435993589604,237.0
21491,1435993589629,237.0
21492,1435993589649,225.0
21493,1435993589670,225.0
21494,1435993589687,236.0
21495,1435993589708,236.0
21496,1435993589727,267.0
21497,1435993589747,267.0
21498,1435993589768,296.0
21499,1435993589787,296.0
21500,1435993589809,326.0
21501,1435993589827,354.0
21502,1435993589847,354.0
21503,1435993589867,381.0
21504,1435993589894,381.0
21505,1435993589905,413.0
21506,1435993589924,413.0
21507,1435993589944,432.0
21508,1435993589968,432.0
21509,1435993589988,421.0
21510,1435993590007,421.0
21511,1435993590033,401.0
21512,1435993590045,385.0
21513,1435993590074,385.0
21514,1435993590115,378.0
21515,1435993590116,378.0
21516,1435993590130,367.0
21517,1435993590145,367.0
21518,1435993590165,360.0
21519,1435993590186,360.0
21520,1435993590207,360.0
21521,1435993590225,360.0
21522,1435993590246,360.0
21523,1435993590267,362.0
21524,1435993590288,362.0
21525,1435993590308,390.0
21526,1435993590328,390.0
21527,1435993590347,420.0
21528,1435993590367,420.0
21529,1435993590386,390.0
21530,1435993590505,390.0
21531,1435993590506,348.0
21532,1435993590507,348.0
21533,1435993590508,329.0
21534,1435993590509,317.0
21535,1435993590510,317.0
21536,1435993590523,308.0
21537,1435993590547,308.0
21538,1435993590564,303.0
21539,1435993590596,303.0
21540,1435993590604,292.0
21541,1435993590623,292.0
21542,1435993590644,281.0
21543,1435993590664,281.0
21544,1435993590683,272.0
21545,1435993590704,284.0
21546,1435993590724,284.0
21547,1435993590746,313.0
21548,1435993590764,313.0
21549,1435993590785,337.0
21550,1435993590804,337.0
21551,1435993590824,337.0
21552,1435993590848,337.0
21553,1435993590864,338.0
21554,1435993590884,338.0
21555,1435993590907,341.0
21556,1435993590927,369.0
21557,1435993590950,369.0
21558,1435993590969,403.0
21559,1435993590989,403.0
21560,1435993591009,436.0
21561,1435993591031,436.0
21562,1435993591046,454.0
21563,1435993591069,454.0
21564,1435993591087,469.0
21565,1435993591108,469.0
21566,1435993591126,482.0
21567,1435993591148,472.0
21568,1435993591165,472.0
21569,1435993591186,458.0
21570,1435993591207,458.0
21571,1435993591226,447.0
21572,1435993591247,447.0
21573,1435993591267,449.0
21574,1435993591287,449.0
21575,1435993591306,445.0
21576,1435993591336,445.0
21577,1435993591355,445.0
21578,1435993591365,455.0
21579,1435993591386,455.0
21580,1435993591405,462.0
21581,1435993591436,462.0
21582,1435993591448,471.0
21583,1435993591466,471.0
21584,1435993591485,503.0
21585,1435993591509,503.0
21586,1435993591528,578.0
21587,1435993591549,578.0
21588,1435993591569,639.0
21589,1435993591590,592.0
21590,1435993591607,592.0
21591,1435993591628,558.0
21592,1435993591647,558.0
21593,1435993591666,519.0
21594,1435993591688,519.0
21595,1435993591713,484.0
21596,1435993591729,484.0
21597,1435993591749,466.0
21598,1435993591767,466.0
21599,1435993591789,465.0
21600,1435993591810,479.0
21601,1435993591829,479.0
21602,1435993591848,508.0
21603,1435993591868,508.0
21604,1435993591890,585.0
21605,1435993591909,585.0
21606,1435993591929,715.0
21607,1435993591947,715.0
21608,1435993591975,829.0
21609,1435993592028,829.0
21610,1435993592029,878.0
21611,1435993592030,878.0
21612,1435993592047,895.0
21613,1435993592065,888.0
21614,1435993592087,888.0
21615,1435993592106,839.0
21616,1435993592126,839.0
21617,1435993592146,725.0
21618,1435993592166,725.0
21619,1435993592185,578.0
21620,1435993592208,578.0
21621,1435993592231,474.0
21622,1435993592250,474.0
21623,1435993592267,432.0
21624,1435993592289,426.0
21625,1435993592309,426.0
21626,1435993592329,430.0
21627,1435993592349,430.0
21628,1435993592369,429.0
21629,1435993592410,429.0
21630,1435993592411,424.0
21631,1435993592429,424.0
21632,1435993592450,419.0
21633,1435993592470,419.0
21634,1435993592489,422.0
21635,1435993592509,426.0
21636,1435993592530,426.0
21637,1435993592550,425.0
21638,1435993592568,425.0
21639,1435993592590,433.0
21640,1435993592671,433.0
21641,1435993592672,437.0
21642,1435993592673,437.0
21643,1435993592674,440.0
21644,1435993592685,440.0
21645,1435993592708,471.0
21646,1435993592725,542.0
21647,1435993592746,542.0
21648,1435993592772,754.0
21649,1435993592789,754.0
21650,1435993592807,784.0
21651,1435993592831,784.0
21652,1435993592849,612.0
21653,1435993592870,612.0
21654,1435993592892,585.0
21655,1435993592909,585.0
21656,1435993592930,603.0
21657,1435993592951,622.0
21658,1435993592970,622.0
21659,1435993592990,624.0
21660,1435993593011,624.0
21661,1435993593028,645.0
21662,1435993593050,645.0
21663,1435993593070,720.0
21664,1435993593092,720.0
21665,1435993593116,773.0
21666,1435993593132,773.0
21667,1435993593165,718.0
21668,1435993593168,625.0
21669,1435993593191,625.0
21670,1435993593210,500.0
21671,1435993593231,500.0
21672,1435993593256,361.0
21673,1435993593271,361.0
21674,1435993593318,262.0
21675,1435993593319,262.0
21676,1435993593327,235.0
21677,1435993593346,235.0
21678,1435993593367,253.0
21679,1435993593388,283.0
21680,1435993593408,283.0
21681,1435993593431,310.0
21682,1435993593447,310.0
21683,1435993593471,332.0
21684,1435993593491,332.0
21685,1435993593509,342.0
21686,1435993593530,342.0
21687,1435993593552,333.0
21688,1435993593571,333.0
21689,1435993593591,319.0
21690,1435993593615,312.0
21691,1435993593630,312.0
21692,1435993593648,304.0
21693,1435993593669,304.0
21694,1435993593688,295.0
21695,1435993593710,295.0
21696,1435993593731,290.0
21697,1435993593750,290.0
21698,1435993593770,284.0
21699,1435993593791,284.0
21700,1435993593809,278.0
21701,1435993593829,275.0
21702,1435993593854,275.0
21703,1435993593872,295.0
21704,1435993593892,295.0
21705,1435993593911,401.0
21706,1435993593933,401.0
21707,1435993593981,455.0
21708,1435993593984,455.0
21709,1435993594000,306.0
21710,1435993594008,306.0
21711,1435993594030,252.0
21712,1435993594047,242.0
21713,1435993594068,242.0
21714,1435993594092,232.0
21715,1435993594109,232.0
21716,1435993594129,223.0
21717,1435993594149,223.0
21718,1435993594168,213.0
21719,1435993594189,213.0
21720,1435993594209,198.0
21721,1435993594241,198.0
21722,1435993594259,185.0
21723,1435993594272,177.0
21724,1435993594289,177.0
21725,1435993594310,175.0
21726,1435993594330,175.0
21727,1435993594351,172.0
21728,1435993594371,172.0
21729,1435993594392,165.0
21730,1435993594409,165.0
21731,1435993594429,165.0
21732,1435993594452,165.0
21733,1435993594470,174.0
21734,1435993594495,194.0
21735,1435993594510,194.0
21736,1435993594529,220.0
21737,1435993594548,220.0
21738,1435993594569,246.0
21739,1435993594588,246.0
21740,1435993594616,277.0
21741,1435993594651,277.0
21742,1435993594652,304.0
21743,1435993594668,304.0
21744,1435993594688,327.0
21745,1435993594707,336.0
21746,1435993594734,336.0
21747,1435993594750,326.0
21748,1435993594768,326.0
21749,1435993594789,313.0
21750,1435993594811,313.0
21751,1435993594830,307.0
21752,1435993594852,307.0
21753,1435993594873,298.0
21754,1435993594890,298.0
21755,1435993594910,287.0
21756,1435993594955,277.0
21757,1435993594956,277.0
21758,1435993594971,271.0
21759,1435993594991,271.0
21760,1435993595011,263.0
21761,1435993595032,263.0
21762,1435993595054,251.0
21763,1435993595072,251.0
21764,1435993595105,248.0
21765,1435993595112,248.0
21766,1435993595131,258.0
21767,1435993595150,255.0
21768,1435993595172,255.0
21769,1435993595189,251.0
21770,1435993595208,251.0
21771,1435993595233,248.0
21772,1435993595250,248.0
21773,1435993595299,227.0
21774,1435993595300,227.0
21775,1435993595310,216.0
21776,1435993595329,216.0
21777,1435993595350,207.0
21778,1435993595368,199.0
21779,1435993595393,199.0
21780,1435993595410,191.0
21781,1435993595430,191.0
21782,1435993595453,189.0
21783,1435993595473,189.0
21784,1435993595493,191.0
21785,1435993595510,191.0
21786,1435993595534,202.0
21787,1435993595553,202.0
21788,1435993595572,208.0
21789,1435993595594,195.0
21790,1435993595615,195.0
21791,1435993595635,177.0
21792,1435993595651,177.0
21793,1435993595670,166.0
21794,1435993595690,166.0
21795,1435993595711,174.0
21796,1435993595731,174.0
21797,1435993595755,199.0
21798,1435993595772,199.0
21799,1435993595796,231.0
21800,1435993595812,231.0
21801,1435993595832,263.0
21802,1435993595851,294.0
21803,1435993595870,294.0
21804,1435993595894,317.0
21805,1435993595912,317.0
21806,1435993595960,325.0
21807,1435993595961,325.0
21808,1435993595972,314.0
21809,1435993595989,314.0
21810,1435993596014,300.0
21811,1435993596031,300.0
21812,1435993596050,290.0
21813,1435993596072,281.0
21814,1435993596094,281.0
21815,1435993596123,270.0
21816,1435993596131,270.0
21817,1435993596151,262.0
21818,1435993596171,262.0
21819,1435993596192,254.0
21820,1435993596210,254.0
21821,1435993596233,244.0
21822,1435993596256,244.0
21823,1435993596272,233.0
21824,1435993596301,235.0
21825,1435993596334,235.0
21826,1435993596335,244.0
21827,1435993596385,244.0
21828,1435993596386,241.0
21829,1435993596391,241.0
21830,1435993596410,236.0
21831,1435993596431,236.0
21832,1435993596450,220.0
21833,1435993596469,220.0
21834,1435993596490,208.0
21835,1435993596509,197.0
21836,1435993596532,197.0
21837,1435993596562,190.0
21838,1435993596621,190.0
21839,1435993596622,183.0
21840,1435993596623,183.0
21841,1435993596638,178.0
21842,1435993596650,178.0
21843,1435993596671,178.0
21844,1435993596692,178.0
21845,1435993596712,182.0
21846,1435993596732,191.0
21847,1435993596754,191.0
21848,1435993596775,191.0
21849,1435993596794,191.0
21850,1435993596812,176.0
21851,1435993596835,176.0
21852,1435993596854,154.0
21853,1435993596874,154.0
21854,1435993596895,145.0
21855,1435993596914,145.0
21856,1435993596934,153.0
21857,1435993596953,174.0
21858,1435993596975,174.0
21859,1435993596994,204.0
21860,1435993597012,204.0
21861,1435993597035,238.0
21862,1435993597051,238.0
21863,1435993597076,276.0
21864,1435993597096,276.0
21865,1435993597116,306.0
21866,1435993597134,306.0
21867,1435993597156,318.0
21868,1435993597174,309.0
21869,1435993597195,309.0
21870,1435993597224,293.0
21871,1435993597305,293.0
21872,1435993597306,276.0
21873,1435993597307,276.0
21874,1435993597308,264.0
21875,1435993597311,264.0
21876,1435993597335,254.0
21877,1435993597352,254.0
21878,1435993597375,247.0
21879,1435993597392,238.0
21880,1435993597411,238.0
21881,1435993597434,222.0
21882,1435993597456,222.0
21883,1435993597475,211.0
21884,1435993597495,211.0
21885,1435993597517,211.0
21886,1435993597534,211.0
21887,1435993597554,215.0
21888,1435993597577,215.0
21889,1435993597595,207.0
21890,1435993597615,196.0
21891,1435993597635,196.0
21892,1435993597656,185.0
21893,1435993597673,185.0
21894,1435993597697,175.0
21895,1435993597712,175.0
21896,1435993597732,165.0
21897,1435993597752,165.0
21898,1435993597775,156.0
21899,1435993597795,156.0
21900,1435993597816,148.0
21901,1435993597835,139.0
21902,1435993597854,139.0
21903,1435993597874,134.0
21904,1435993597895,134.0
21905,1435993597914,130.0
21906,1435993597960,130.0
21907,1435993597961,127.0
21908,1435993597971,127.0
21909,1435993597992,127.0
21910,1435993598011,127.0
21911,1435993598031,124.0
21912,1435993598056,119.0
21913,1435993598072,119.0
21914,1435993598094,119.0
21915,1435993598116,119.0
21916,1435993598135,127.0
21917,1435993598158,127.0
21918,1435993598176,149.0
21919,1435993598195,149.0
21920,1435993598215,182.0
21921,1435993598236,182.0
21922,1435993598255,220.0
21923,1435993598275,260.0
21924,1435993598298,260.0
21925,1435993598313,297.0
21926,1435993598335,297.0
21927,1435993598357,314.0
21928,1435993598377,314.0
21929,1435993598397,305.0
21930,1435993598416,305.0
21931,1435993598436,285.0
21932,1435993598454,285.0
21933,1435993598476,272.0
21934,1435993598498,258.0
21935,1435993598517,258.0
21936,1435993598540,247.0
21937,1435993598554,247.0
21938,1435993598588,239.0
21939,1435993598669,239.0
21940,1435993598670,227.0
21941,1435993598671,227.0
21942,1435993598672,211.0
21943,1435993598677,211.0
21944,1435993598699,196.0
21945,1435993598714,201.0
21946,1435993598735,201.0
21947,1435993598755,208.0
21948,1435993598776,208.0
21949,1435993598793,197.0
21950,1435993598816,197.0
21951,1435993598838,185.0
21952,1435993598856,185.0
21953,1435993598873,173.0
21954,1435993598898,173.0
21955,1435993598916,161.0
21956,1435993598936,150.0
21957,1435993598958,150.0
21958,1435993598976,140.0
21959,1435993598996,140.0
21960,1435993599015,131.0
21961,1435993599035,131.0
21962,1435993599056,126.0
21963,1435993599075,126.0
21964,1435993599094,125.0
21965,1435993599114,125.0
21966,1435993599139,121.0
21967,1435993599159,114.0
21968,1435993599179,114.0
21969,1435993599197,109.0
21970,1435993599214,109.0
21971,1435993599233,105.0
21972,1435993599254,105.0
21973,1435993599276,103.0
21974,1435993599335,103.0
21975,1435993599336,105.0
21976,1435993599337,105.0
21977,1435993599352,119.0
21978,1435993599374,148.0
21979,1435993599393,148.0
21980,1435993599416,189.0
21981,1435993599434,189.0
21982,1435993599455,230.0
21983,1435993599474,230.0
21984,1435993599496,270.0
21985,1435993599515,270.0
21986,1435993599536,303.0
21987,1435993599554,303.0
21988,1435993599577,311.0
21989,1435993599597,311.0
21990,1435993599617,292.0
21991,1435993599637,269.0
21992,1435993599656,269.0
21993,1435993599677,258.0
21994,1435993599695,258.0
21995,1435993599716,246.0
21996,1435993599737,246.0
21997,1435993599755,237.0
21998,1435993599774,237.0
21999,1435993599795,230.0
22000,1435993599815,230.0
22001,1435993599839,221.0
22002,1435993599859,211.0
22003,1435993599901,211.0
22004,1435993599902,200.0
22005,1435993599917,200.0
22006,1435993599935,194.0
22007,1435993599955,194.0
22008,1435993600065,195.0
22009,1435993600066,195.0
22010,1435993600067,184.0
22011,1435993600068,184.0
22012,1435993600069,169.0
22013,1435993600075,157.0
22014,1435993600095,157.0
22015,1435993600122,146.0
22016,1435993600134,146.0
22017,1435993600156,135.0
22018,1435993600173,135.0
22019,1435993600194,126.0
22020,1435993600214,126.0
22021,1435993600233,116.0
22022,1435993600254,116.0
22023,1435993600274,109.0
22024,1435993600294,105.0
22025,1435993600314,105.0
22026,1435993600335,102.0
22027,1435993600354,102.0
22028,1435993600374,102.0
22029,1435993600395,102.0
22030,1435993600414,103.0
22031,1435993600442,103.0
22032,1435993600457,103.0
22033,1435993600477,103.0
22034,1435993600494,104.0
22035,1435993600517,109.0
22036,1435993600541,109.0
22037,1435993600555,122.0
22038,1435993600574,122.0
22039,1435993600608,149.0
22040,1435993600617,149.0
22041,1435993600634,190.0
22042,1435993600653,190.0
22043,1435993600673,232.0
22044,1435993600694,232.0
22045,1435993600713,264.0
22046,1435993600733,289.0
22047,1435993600754,289.0
22048,1435993600774,294.0
22049,1435993600794,294.0
22050,1435993600814,279.0
22051,1435993600836,279.0
22052,1435993600854,267.0
22053,1435993600874,267.0
22054,1435993600894,256.0
22055,1435993600917,256.0
22056,1435993600938,245.0
22057,1435993600956,236.0
22058,1435993600977,236.0
22059,1435993600997,231.0
22060,1435993601016,231.0
22061,1435993601035,221.0
22062,1435993601056,221.0
22063,1435993601080,208.0
22064,1435993601100,208.0
22065,1435993601123,201.0
22066,1435993601138,201.0
22067,1435993601161,204.0
22068,1435993601178,195.0
22069,1435993601199,195.0
22070,1435993601230,182.0
22071,1435993601287,182.0
22072,1435993601288,167.0
22073,1435993601289,167.0
22074,1435993601301,154.0
22075,1435993601317,154.0
22076,1435993601338,143.0
22077,1435993601360,143.0
22078,1435993601377,133.0
22079,1435993601396,124.0
22080,1435993601419,124.0
22081,1435993601437,115.0
22082,1435993601458,115.0
22083,1435993601477,108.0
22084,1435993601498,108.0
22085,1435993601519,104.0
22086,1435993601540,104.0
22087,1435993601558,102.0
22088,1435993601578,102.0
22089,1435993601599,102.0
22090,1435993601618,102.0
22091,1435993601638,102.0
22092,1435993601658,100.0
22093,1435993601677,100.0
22094,1435993601696,99.0
22095,1435993601717,99.0
22096,1435993601736,104.0
22097,1435993601756,104.0
22098,1435993601777,121.0
22099,1435993601800,121.0
22100,1435993601816,154.0
22101,1435993601837,198.0
22102,1435993601857,198.0
22103,1435993601878,244.0
22104,1435993601939,244.0
22105,1435993601940,279.0
22106,1435993601941,279.0
22107,1435993601956,302.0
22108,1435993601976,302.0
22109,1435993601997,306.0
22110,1435993602018,306.0
22111,1435993602040,290.0
22112,1435993602056,276.0
22113,1435993602081,276.0
22114,1435993602100,261.0
22115,1435993602119,261.0
22116,1435993602139,245.0
22117,1435993602160,245.0
22118,1435993602177,234.0
22119,1435993602200,234.0
22120,1435993602218,223.0
22121,1435993602242,223.0
22122,1435993602257,215.0
22123,1435993602283,205.0
22124,1435993602298,205.0
22125,1435993602322,197.0
22126,1435993602342,197.0
22127,1435993602361,202.0
22128,1435993602382,202.0
22129,1435993602397,205.0
22130,1435993602417,205.0
22131,1435993602440,181.0
22132,1435993602462,181.0
22133,1435993602483,163.0
22134,1435993602503,152.0
22135,1435993602519,152.0
22136,1435993602540,141.0
22137,1435993602587,141.0
22138,1435993602588,130.0
22139,1435993602598,130.0
22140,1435993602616,119.0
22141,1435993602638,119.0
22142,1435993602656,111.0
22143,1435993602677,111.0
22144,1435993602696,106.0
22145,1435993602716,101.0
22146,1435993602738,101.0
22147,1435993602757,98.0
22148,1435993602780,98.0
22149,1435993602799,97.0
22150,1435993602820,97.0
22151,1435993602840,96.0
22152,1435993602860,96.0
22153,1435993602880,97.0
22154,1435993602900,97.0
22155,1435993602924,100.0
22156,1435993602940,114.0
22157,1435993602960,114.0
22158,1435993602981,145.0
22159,1435993602999,145.0
22160,1435993603019,195.0
22161,1435993603040,195.0
22162,1435993603059,249.0
22163,1435993603080,249.0
22164,1435993603101,295.0
22165,1435993603119,295.0
22166,1435993603140,324.0
22167,1435993603159,329.0
22168,1435993603225,329.0
22169,1435993603226,316.0
22170,1435993603227,316.0
22171,1435993603238,303.0
22172,1435993603256,303.0
22173,1435993603277,293.0
22174,1435993603297,293.0
22175,1435993603317,278.0
22176,1435993603340,278.0
22177,1435993603360,267.0
22178,1435993603380,267.0
22179,1435993603401,262.0
22180,1435993603419,252.0
22181,1435993603440,252.0
22182,1435993603464,239.0
22183,1435993603480,239.0
22184,1435993603500,231.0
22185,1435993603520,231.0
22186,1435993603541,228.0
22187,1435993603558,228.0
22188,1435993603580,223.0
22189,1435993603599,223.0
22190,1435993603619,206.0
22191,1435993603640,204.0
22192,1435993603658,204.0
22193,1435993603682,183.0
22194,1435993603700,183.0
22195,1435993603718,169.0
22196,1435993603739,169.0
22197,1435993603759,158.0
22198,1435993603780,158.0
22199,1435993603800,148.0
22200,1435993603822,148.0
22201,1435993603873,139.0
22202,1435993603874,128.0
22203,1435993603884,128.0
22204,1435993603902,118.0
22205,1435993603917,118.0
22206,1435993603939,111.0
22207,1435993603958,111.0
22208,1435993603979,104.0
22209,1435993604000,104.0
22210,1435993604020,97.0
22211,1435993604041,97.0
22212,1435993604062,92.0
22213,1435993604080,90.0
22214,1435993604100,90.0
22215,1435993604120,91.0
22216,1435993604141,91.0
22217,1435993604165,98.0
22218,1435993604182,98.0
22219,1435993604201,119.0
22220,1435993604224,119.0
22221,1435993604258,157.0
22222,1435993604259,157.0
22223,1435993604278,210.0
22224,1435993604302,261.0
22225,1435993604320,261.0
22226,1435993604340,302.0
22227,1435993604360,302.0
22228,1435993604379,330.0
22229,1435993604405,330.0
22230,1435993604423,326.0
22231,1435993604443,326.0
22232,1435993604459,305.0
22233,1435993604485,305.0
22234,1435993604544,291.0
22235,1435993604557,280.0
22236,1435993604558,280.0
22237,1435993604559,263.0
22238,1435993604577,263.0
22239,1435993604598,246.0
22240,1435993604618,246.0
22241,1435993604640,242.0
22242,1435993604662,242.0
22243,1435993604678,233.0
22244,1435993604698,233.0
22245,1435993604720,219.0
22246,1435993604738,211.0
22247,1435993604759,211.0
22248,1435993604784,204.0
22249,1435993604801,204.0
22250,1435993604822,186.0
22251,1435993604845,186.0
22252,1435993604860,166.0
22253,1435993604881,166.0
22254,1435993604904,151.0
22255,1435993604920,151.0
22256,1435993604941,139.0
22257,1435993604962,127.0
22258,1435993604979,127.0
22259,1435993605001,116.0
22260,1435993605021,116.0
22261,1435993605040,105.0
22262,1435993605062,105.0
22263,1435993605081,97.0
22264,1435993605101,97.0
22265,1435993605120,92.0
22266,1435993605142,92.0
22267,1435993605229,90.0
22268,1435993605230,89.0
22269,1435993605231,89.0
22270,1435993605232,91.0
22271,1435993605245,91.0
22272,1435993605258,92.0
22273,1435993605278,92.0
22274,1435993605298,91.0
22275,1435993605322,91.0
22276,1435993605342,94.0
22277,1435993605362,94.0
22278,1435993605384,105.0
22279,1435993605400,136.0
22280,1435993605420,136.0
22281,1435993605444,182.0
22282,1435993605460,182.0
22283,1435993605494,248.0
22284,1435993605500,248.0
22285,1435993605519,309.0
22286,1435993605539,309.0
22287,1435993605561,355.0
22288,1435993605579,355.0
22289,1435993605608,377.0
22290,1435993605623,362.0
22291,1435993605642,362.0
22292,1435993605664,339.0
22293,1435993605684,339.0
22294,1435993605700,324.0
22295,1435993605720,324.0
22296,1435993605740,309.0
22297,1435993605760,309.0
22298,1435993605785,291.0
22299,1435993605839,291.0
22300,1435993605840,280.0
22301,1435993605841,269.0
22302,1435993605864,269.0
22303,1435993605878,251.0
22304,1435993605900,251.0
22305,1435993605924,234.0
22306,1435993605940,234.0
22307,1435993605960,219.0
22308,1435993605985,219.0
22309,1435993606000,207.0
22310,1435993606022,207.0
22311,1435993606049,189.0
22312,1435993606063,173.0
22313,1435993606083,173.0
22314,1435993606105,160.0
22315,1435993606121,160.0
22316,1435993606142,148.0
22317,1435993606169,148.0
22318,1435993606185,135.0
22319,1435993606201,135.0
22320,1435993606223,123.0
22321,1435993606240,123.0
22322,1435993606259,111.0
22323,1435993606280,101.0
22324,1435993606303,101.0
22325,1435993606321,96.0
22326,1435993606343,96.0
22327,1435993606366,92.0
22328,1435993606385,92.0
22329,1435993606407,91.0
22330,1435993606423,91.0
22331,1435993606447,92.0
22332,1435993606508,92.0
22333,1435993606509,94.0
22334,1435993606510,94.0
22335,1435993606525,94.0
22336,1435993606541,98.0
22337,1435993606560,98.0
22338,1435993606580,115.0
22339,1435993606602,115.0
22340,1435993606620,151.0
22341,1435993606646,151.0
22342,1435993606664,202.0
22343,1435993606681,202.0
22344,1435993606702,275.0
22345,1435993606721,350.0
22346,1435993606740,350.0
22347,1435993606761,408.0
22348,1435993606784,408.0
22349,1435993606803,422.0
22350,1435993606826,422.0
22351,1435993606841,393.0
22352,1435993606866,393.0
22353,1435993606885,360.0
22354,1435993606903,360.0
22355,1435993606924,331.0
22356,1435993606944,306.0
22357,1435993606964,306.0
22358,1435993606982,284.0
22359,1435993607002,284.0
22360,1435993607022,272.0
22361,1435993607043,272.0
22362,1435993607065,254.0
22363,1435993607084,254.0
22364,1435993607103,234.0
22365,1435993607130,234.0
22366,1435993607202,220.0
22367,1435993607203,208.0
22368,1435993607204,208.0
22369,1435993607205,195.0
22370,1435993607221,195.0
22371,1435993607242,177.0
22372,1435993607260,177.0
22373,1435993607280,163.0
22374,1435993607306,163.0
22375,1435993607325,151.0
22376,1435993607344,151.0
22377,1435993607366,140.0
22378,1435993607382,140.0
22379,1435993607404,127.0
22380,1435993607425,115.0
22381,1435993607445,115.0
22382,1435993607464,105.0
22383,1435993607487,105.0
22384,1435993607502,99.0
22385,1435993607524,99.0
22386,1435993607543,95.0
22387,1435993607563,95.0
22388,1435993607582,95.0
22389,1435993607607,95.0
22390,1435993607624,97.0
22391,1435993607644,99.0
22392,1435993607665,99.0
22393,1435993607691,101.0
22394,1435993607706,101.0
22395,1435993607722,104.0
22396,1435993607750,104.0
22397,1435993607796,117.0
22398,1435993607797,117.0
22399,1435993607807,149.0
22400,1435993607824,149.0
22401,1435993607841,201.0
22402,1435993607862,268.0
22403,1435993607885,268.0
22404,1435993607905,347.0
22405,1435993607922,347.0
22406,1435993607945,422.0
22407,1435993607966,422.0
22408,1435993607985,472.0
22409,1435993608002,472.0
22410,1435993608026,467.0
22411,1435993608045,467.0
22412,1435993608065,428.0
22413,1435993608085,396.0
22414,1435993608105,396.0
22415,1435993608124,367.0
22416,1435993608144,367.0
22417,1435993608164,341.0
22418,1435993608210,341.0
22419,1435993608211,314.0
22420,1435993608225,314.0
22421,1435993608242,300.0
22422,1435993608267,300.0
22423,1435993608282,282.0
22424,1435993608314,261.0
22425,1435993608329,261.0
22426,1435993608367,245.0
22427,1435993608368,245.0
22428,1435993608441,228.0
22429,1435993608442,228.0
22430,1435993608443,211.0
22431,1435993608444,211.0
22432,1435993608461,195.0
22433,1435993608484,195.0
22434,1435993608503,181.0
22435,1435993608520,168.0
22436,1435993608541,168.0
22437,1435993608561,155.0
22438,1435993608581,155.0
22439,1435993608601,141.0
22440,1435993608621,141.0
22441,1435993608642,127.0
22442,1435993608662,127.0
22443,1435993608682,115.0
22444,1435993608701,115.0
22445,1435993608721,109.0
22446,1435993608742,104.0
22447,1435993608762,104.0
22448,1435993608791,101.0
22449,1435993608809,101.0
22450,1435993608825,102.0
22451,1435993608845,102.0
22452,1435993608865,106.0
22453,1435993608883,106.0
22454,1435993608903,110.0
22455,1435993608929,110.0
22456,1435993608949,115.0
22457,1435993608969,131.0
22458,1435993608985,131.0
22459,1435993609006,168.0
22460,1435993609050,168.0
22461,1435993609051,224.0
22462,1435993609062,224.0
22463,1435993609082,298.0
22464,1435993609103,298.0
22465,1435993609123,384.0
22466,1435993609144,384.0
22467,1435993609164,474.0
22468,1435993609184,528.0
22469,1435993609206,528.0
22470,1435993609227,513.0
22471,1435993609248,513.0
22472,1435993609266,466.0
22473,1435993609287,466.0
22474,1435993609306,423.0
22475,1435993609326,423.0
22476,1435993609347,389.0
22477,1435993609366,389.0
22478,1435993609387,358.0
22479,1435993609420,335.0
22480,1435993609424,335.0
22481,1435993609448,324.0
22482,1435993609469,324.0
22483,1435993609488,300.0
22484,1435993609506,300.0
22485,1435993609527,278.0
22486,1435993609544,278.0
22487,1435993609565,259.0
22488,1435993609589,259.0
22489,1435993609607,239.0
22490,1435993609626,216.0
22491,1435993609647,216.0
22492,1435993609665,199.0
22493,1435993609716,199.0
22494,1435993609717,186.0
22495,1435993609736,186.0
22496,1435993609742,172.0
22497,1435993609765,172.0
22498,1435993609786,157.0
22499,1435993609804,157.0
22500,1435993609825,141.0
22501,1435993609845,125.0
22502,1435993609866,125.0
22503,1435993609887,115.0
22504,1435993609906,115.0
22505,1435993609928,108.0
22506,1435993609947,108.0
22507,1435993609967,105.0
22508,1435993609987,105.0
22509,1435993610005,109.0
22510,1435993610026,109.0
22511,1435993610047,116.0
22512,1435993610066,121.0
22513,1435993610087,121.0
22514,1435993610107,126.0
22515,1435993610127,126.0
22516,1435993610147,139.0
22517,1435993610167,139.0
22518,1435993610189,176.0
22519,1435993610207,176.0
22520,1435993610227,238.0
22521,1435993610245,238.0
22522,1435993610264,328.0
22523,1435993610285,438.0
22524,1435993610308,438.0
22525,1435993610334,542.0
22526,1435993610415,542.0
22527,1435993610416,605.0
22528,1435993610417,605.0
22529,1435993610418,595.0
22530,1435993610428,595.0
22531,1435993610446,532.0
22532,1435993610463,532.0
22533,1435993610493,455.0
22534,1435993610503,412.0
22535,1435993610523,412.0
22536,1435993610544,380.0
22537,1435993610563,380.0
22538,1435993610583,356.0
22539,1435993610618,356.0
22540,1435993610623,337.0
22541,1435993610643,337.0
22542,1435993610664,316.0
22543,1435993610683,316.0
22544,1435993610704,301.0
22545,1435993610724,281.0
22546,1435993610745,281.0
22547,1435993610766,261.0
22548,1435993610789,261.0
22549,1435993610807,242.0
22550,1435993610827,242.0
22551,1435993610847,225.0
22552,1435993610868,225.0
22553,1435993610886,212.0
22554,1435993610908,212.0
22555,1435993610925,198.0
22556,1435993610947,184.0
22557,1435993610973,184.0
22558,1435993611038,168.0
22559,1435993611040,168.0
22560,1435993611041,151.0
22561,1435993611045,151.0
22562,1435993611063,138.0
22563,1435993611087,138.0
22564,1435993611104,130.0
22565,1435993611124,130.0
22566,1435993611149,126.0
22567,1435993611168,128.0
22568,1435993611188,128.0
22569,1435993611208,133.0
22570,1435993611227,133.0
22571,1435993611247,142.0
22572,1435993611269,142.0
22573,1435993611288,148.0
22574,1435993611307,148.0
22575,1435993611329,158.0
22576,1435993611349,158.0
22577,1435993611365,185.0
22578,1435993611390,185.0
22579,1435993611408,231.0
22580,1435993611428,283.0
22581,1435993611514,283.0
22582,1435993611515,338.0
22583,1435993611516,338.0
22584,1435993611517,402.0
22585,1435993611525,402.0
22586,1435993611544,483.0
22587,1435993611564,483.0
22588,1435993611584,542.0
22589,1435993611658,542.0
22590,1435993611659,545.0
22591,1435993611660,509.0
22592,1435993611665,509.0
22593,1435993611685,469.0
22594,1435993611704,469.0
22595,1435993611725,422.0
22596,1435993611750,422.0
22597,1435993611768,390.0
22598,1435993611786,390.0
22599,1435993611809,368.0
22600,1435993611828,368.0
22601,1435993611848,354.0
22602,1435993611870,343.0
22603,1435993611889,343.0
22604,1435993611909,323.0
22605,1435993611929,323.0
22606,1435993611949,310.0
22607,1435993611969,310.0
22608,1435993611990,295.0
22609,1435993612007,295.0
22610,1435993612030,278.0
22611,1435993612047,278.0
22612,1435993612066,263.0
22613,1435993612086,249.0
22614,1435993612108,249.0
22615,1435993612128,235.0
22616,1435993612149,235.0
22617,1435993612169,220.0
22618,1435993612195,220.0
22619,1435993612208,205.0
22620,1435993612235,205.0
22621,1435993612249,189.0
22622,1435993612311,189.0
22623,1435993612312,172.0
22624,1435993612313,156.0
22625,1435993612325,156.0
22626,1435993612345,145.0
22627,1435993612366,145.0
22628,1435993612387,139.0
22629,1435993612406,139.0
22630,1435993612426,140.0
22631,1435993612449,140.0
22632,1435993612470,147.0
22633,1435993612489,147.0
22634,1435993612509,158.0
22635,1435993612528,159.0
22636,1435993612546,159.0
22637,1435993612566,166.0
22638,1435993612587,166.0
22639,1435993612606,189.0
22640,1435993612626,189.0
22641,1435993612656,237.0
22642,1435993612668,237.0
22643,1435993612689,303.0
22644,1435993612710,303.0
22645,1435993612729,382.0
22646,1435993612749,470.0
22647,1435993612770,470.0
22648,1435993612790,552.0
22649,1435993612810,552.0
22650,1435993612830,582.0
22651,1435993612849,582.0
22652,1435993612867,540.0
22653,1435993612889,540.0
22654,1435993612917,493.0
22655,1435993612971,493.0
22656,1435993612972,455.0
22657,1435993612973,429.0
22658,1435993612991,429.0
22659,1435993613006,403.0
22660,1435993613026,403.0
22661,1435993613046,394.0
22662,1435993613066,394.0
22663,1435993613086,380.0
22664,1435993613106,380.0
22665,1435993613130,359.0
22666,1435993613150,359.0
22667,1435993613170,338.0
22668,1435993613193,318.0
22669,1435993613209,318.0
22670,1435993613229,309.0
22671,1435993613249,309.0
22672,1435993613269,292.0
22673,1435993613291,292.0
22674,1435993613310,274.0
22675,1435993613331,274.0
22676,1435993613351,260.0
22677,1435993613372,260.0
22678,1435993613389,246.0
22679,1435993613409,228.0
22680,1435993613432,228.0
22681,1435993613448,209.0
22682,1435993613471,209.0
22683,1435993613492,187.0
22684,1435993613513,187.0
22685,1435993613531,169.0
22686,1435993613596,169.0
22687,1435993613597,157.0
22688,1435993613598,157.0
22689,1435993613610,150.0
22690,1435993613626,152.0
22691,1435993613648,152.0
22692,1435993613667,160.0
22693,1435993613688,160.0
22694,1435993613708,163.0
22695,1435993613730,163.0
22696,1435993613750,166.0
22697,1435993613771,166.0
22698,1435993613789,180.0
22699,1435993613810,180.0
22700,1435993613830,210.0
22701,1435993613851,260.0
22702,1435993613871,260.0
22703,1435993613890,324.0
22704,1435993613909,324.0
22705,1435993613933,399.0
22706,1435993613951,399.0
22707,1435993613974,481.0
22708,1435993613992,481.0
22709,1435993614014,535.0
22710,1435993614030,535.0
22711,1435993614048,499.0
22712,1435993614068,446.0
22713,1435993614088,446.0
22714,1435993614108,406.0
22715,1435993614128,406.0
22716,1435993614153,380.0
22717,1435993614171,380.0
22718,1435993614198,353.0
22719,1435993614274,353.0
22720,1435993614275,333.0
22721,1435993614276,333.0
22722,1435993614277,320.0
22723,1435993614305,307.0
22724,1435993614306,307.0
22725,1435993614327,295.0
22726,1435993614348,295.0
22727,1435993614366,296.0
22728,1435993614388,296.0
22729,1435993614408,282.0
22730,1435993614432,282.0
22731,1435993614455,263.0
22732,1435993614469,263.0
22733,1435993614491,245.0
22734,1435993614513,229.0
22735,1435993614541,229.0
22736,1435993614565,214.0
22737,1435993614579,214.0
22738,1435993614587,198.0
22739,1435993614607,198.0
22740,1435993614628,184.0
22741,1435993614648,184.0
22742,1435993614670,170.0
22743,1435993614692,170.0
22744,1435993614709,159.0
22745,1435993614730,153.0
22746,1435993614751,153.0
22747,1435993614770,157.0
22748,1435993614791,157.0
22749,1435993614811,167.0
22750,1435993614830,167.0
22751,1435993614851,176.0
22752,1435993614899,176.0
22753,1435993614900,177.0
22754,1435993614912,177.0
22755,1435993614928,184.0
22756,1435993614948,205.0
22757,1435993614968,205.0
22758,1435993614989,248.0
22759,1435993615009,248.0
22760,1435993615030,307.0
22761,1435993615055,307.0
22762,1435993615069,382.0
22763,1435993615089,382.0
22764,1435993615111,465.0
22765,1435993615129,465.0
22766,1435993615152,537.0
22767,1435993615173,540.0
22768,1435993615193,540.0
22769,1435993615210,478.0
22770,1435993615232,478.0
22771,1435993615250,422.0
22772,1435993615271,422.0
22773,1435993615290,395.0
22774,1435993615311,395.0
22775,1435993615336,372.0
22776,1435993615375,372.0
22777,1435993615378,348.0
22778,1435993615389,348.0
22779,1435993615424,338.0
22780,1435993615427,331.0
22781,1435993615448,331.0
22782,1435993615470,320.0
22783,1435993615487,320.0
22784,1435993615510,314.0
22785,1435993615530,314.0
22786,1435993615548,309.0
22787,1435993615567,309.0
22788,1435993615590,293.0
22789,1435993615607,293.0
22790,1435993615627,274.0
22791,1435993615650,255.0
22792,1435993615667,255.0
22793,1435993615688,240.0
22794,1435993615709,240.0
22795,1435993615728,226.0
22796,1435993615748,226.0
22797,1435993615770,211.0
22798,1435993615789,211.0
22799,1435993615809,197.0
22800,1435993615829,197.0
22801,1435993615849,186.0
22802,1435993615869,175.0
22803,1435993615902,175.0
22804,1435993615915,167.0
22805,1435993615930,167.0
22806,1435993615951,168.0
22807,1435993615970,168.0
22808,1435993615990,177.0
22809,1435993616010,177.0
22810,1435993616029,186.0
22811,1435993616048,186.0
22812,1435993616074,191.0
22813,1435993616089,199.0
22814,1435993616113,199.0
22815,1435993616141,217.0
22816,1435993616149,217.0
22817,1435993616169,253.0
22818,1435993616189,253.0
22819,1435993616211,308.0
22820,1435993616232,308.0
22821,1435993616255,378.0
22822,1435993616269,378.0
22823,1435993616293,454.0
22824,1435993616314,523.0
22825,1435993616337,523.0
22826,1435993616353,537.0
22827,1435993616373,537.0
22828,1435993616394,488.0
22829,1435993616412,488.0
22830,1435993616434,447.0
22831,1435993616454,447.0
22832,1435993616472,429.0
22833,1435993616494,429.0
22834,1435993616513,401.0
22835,1435993616532,370.0
22836,1435993616552,370.0
22837,1435993616571,365.0
22838,1435993616593,365.0
22839,1435993616615,358.0
22840,1435993616634,358.0
22841,1435993616655,344.0
22842,1435993616674,344.0
22843,1435993616693,338.0
22844,1435993616713,338.0
22845,1435993616733,335.0
22846,1435993616761,325.0
22847,1435993616817,325.0
22848,1435993616818,302.0
22849,1435993616819,302.0
22850,1435993616830,280.0
22851,1435993616851,280.0
22852,1435993616869,260.0
22853,1435993616891,260.0
22854,1435993616914,242.0
22855,1435993616931,242.0
22856,1435993616951,225.0
22857,1435993616976,210.0
22858,1435993616996,210.0
22859,1435993617011,196.0
22860,1435993617031,196.0
22861,1435993617055,186.0
22862,1435993617073,186.0
22863,1435993617094,178.0
22864,1435993617114,178.0
22865,1435993617134,175.0
22866,1435993617157,175.0
22867,1435993617174,177.0
22868,1435993617194,181.0
22869,1435993617215,181.0
22870,1435993617234,181.0
22871,1435993617254,181.0
22872,1435993617275,181.0
22873,1435993617294,181.0
22874,1435993617314,188.0
22875,1435993617335,188.0
22876,1435993617354,209.0
22877,1435993617374,209.0
22878,1435993617394,256.0
22879,1435993617421,329.0
22880,1435993617474,329.0
22881,1435993617475,402.0
22882,1435993617476,402.0
22883,1435993617493,470.0
22884,1435993617511,470.0
22885,1435993617529,528.0
22886,1435993617550,528.0
22887,1435993617571,534.0
22888,1435993617590,534.0
22889,1435993617610,490.0
22890,1435993617631,440.0
22891,1435993617650,440.0
22892,1435993617672,413.0
22893,1435993617692,413.0
22894,1435993617715,379.0
22895,1435993617734,379.0
22896,1435993617755,365.0
22897,1435993617774,365.0
22898,1435993617796,360.0
22899,1435993617815,360.0
22900,1435993617835,345.0
22901,1435993617854,337.0
22902,1435993617875,337.0
22903,1435993617894,343.0
22904,1435993617916,343.0
22905,1435993617936,337.0
22906,1435993617957,337.0
22907,1435993617974,312.0
22908,1435993617997,312.0
22909,1435993618012,286.0
22910,1435993618033,286.0
22911,1435993618055,268.0
22912,1435993618118,253.0
22913,1435993618119,253.0
22914,1435993618120,235.0
22915,1435993618136,235.0
22916,1435993618151,222.0
22917,1435993618174,222.0
22918,1435993618191,212.0
22919,1435993618212,212.0
22920,1435993618232,204.0
22921,1435993618252,204.0
22922,1435993618275,200.0
22923,1435993618296,201.0
22924,1435993618315,201.0
22925,1435993618333,201.0
22926,1435993618352,201.0
22927,1435993618375,201.0
22928,1435993618395,201.0
22929,1435993618417,194.0
22930,1435993618458,194.0
22931,1435993618459,186.0
22932,1435993618472,186.0
22933,1435993618490,188.0
22934,1435993618510,210.0
22935,1435993618531,210.0
22936,1435993618551,257.0
22937,1435993618571,257.0
22938,1435993618592,329.0
22939,1435993618613,329.0
22940,1435993618632,413.0
22941,1435993618652,413.0
22942,1435993618674,489.0
22943,1435993618699,489.0
22944,1435993618715,559.0
22945,1435993618739,598.0
22946,1435993618799,598.0
22947,1435993618800,571.0
22948,1435993618801,571.0
22949,1435993618813,524.0
22950,1435993618833,524.0
22951,1435993618853,500.0
22952,1435993618876,500.0
22953,1435993618895,481.0
22954,1435993618915,481.0
22955,1435993618934,448.0
22956,1435993618956,429.0
22957,1435993618975,429.0
22958,1435993618993,428.0
22959,1435993619014,428.0
22960,1435993619035,418.0
22961,1435993619055,418.0
22962,1435993619078,409.0
22963,1435993619095,409.0
22964,1435993619115,418.0
22965,1435993619136,418.0
22966,1435993619154,418.0
22967,1435993619176,362.0
22968,1435993619197,362.0
22969,1435993619213,331.0
22970,1435993619235,331.0
22971,1435993619259,299.0
22972,1435993619278,299.0
22973,1435993619298,279.0
22974,1435993619318,279.0
22975,1435993619333,260.0
22976,1435993619354,260.0
22977,1435993619385,241.0
22978,1435993619401,241.0
22979,1435993619428,224.0
22980,1435993619445,210.0
22981,1435993619454,210.0
22982,1435993619472,198.0
22983,1435993619494,198.0
22984,1435993619512,188.0
22985,1435993619538,188.0
22986,1435993619555,182.0
22987,1435993619576,182.0
22988,1435993619597,189.0
22989,1435993619614,189.0
22990,1435993619636,198.0
22991,1435993619654,202.0
22992,1435993619677,202.0
22993,1435993619696,214.0
22994,1435993619716,214.0
22995,1435993619737,244.0
22996,1435993619757,244.0
22997,1435993619775,303.0
22998,1435993619797,303.0
22999,1435993619816,390.0
23000,1435993619836,390.0
23001,1435993619857,494.0
23002,1435993619875,590.0
23003,1435993619897,590.0
23004,1435993619918,663.0
23005,1435993619938,663.0
23006,1435993619956,689.0
23007,1435993619975,689.0
23008,1435993619993,659.0
23009,1435993620104,659.0
23010,1435993620105,616.0
23011,1435993620106,616.0
23012,1435993620107,590.0
23013,1435993620108,572.0
23014,1435993620114,572.0
23015,1435993620132,540.0
23016,1435993620153,540.0
23017,1435993620172,530.0
23018,1435993620194,530.0
23019,1435993620213,530.0
23020,1435993620232,530.0
23021,1435993620252,516.0
23022,1435993620273,516.0
23023,1435993620292,507.0
23024,1435993620312,487.0
23025,1435993620333,487.0
23026,1435993620352,472.0
23027,1435993620372,472.0
23028,1435993620395,475.0
23029,1435993620412,475.0
23030,1435993620475,588.0
23031,1435993620476,588.0
23032,1435993620477,554.0
23033,1435993620492,554.0
23034,1435993620515,439.0
23035,1435993620546,382.0
23036,1435993620552,382.0
23037,1435993620575,371.0
23038,1435993620592,371.0
23039,1435993620626,379.0
23040,1435993620633,379.0
23041,1435993620652,374.0
23042,1435993620674,374.0
23043,1435993620694,371.0
23044,1435993620713,371.0
23045,1435993620733,376.0
23046,1435993620754,365.0
23047,1435993620773,365.0
23048,1435993620793,348.0
23049,1435993620815,348.0
23050,1435993620833,294.0
23051,1435993620853,294.0
23052,1435993620874,266.0
23053,1435993620894,266.0
23054,1435993620914,251.0
23055,1435993620942,251.0
23056,1435993620956,256.0
23057,1435993620976,296.0
23058,1435993620997,296.0
23059,1435993621017,369.0
23060,1435993621035,369.0
23061,1435993621055,460.0
23062,1435993621075,460.0
23063,1435993621095,550.0
23064,1435993621139,550.0
23065,1435993621140,637.0
23066,1435993621153,637.0
23067,1435993621174,702.0
23068,1435993621193,711.0
23069,1435993621215,711.0
23070,1435993621238,671.0
23071,1435993621262,671.0
23072,1435993621303,616.0
23073,1435993621304,616.0
23074,1435993621315,561.0
23075,1435993621336,561.0
23076,1435993621354,542.0
23077,1435993621374,542.0
23078,1435993621397,516.0
23079,1435993621417,489.0
23080,1435993621435,489.0
23081,1435993621458,480.0
23082,1435993621479,480.0
23083,1435993621498,462.0
23084,1435993621515,462.0
23085,1435993621539,445.0
23086,1435993621558,445.0
23087,1435993621578,451.0
23088,1435993621606,451.0
23089,1435993621619,477.0
23090,1435993621635,579.0
23091,1435993621660,579.0
23092,1435993621675,628.0
23093,1435993621695,628.0
23094,1435993621720,496.0
23095,1435993621738,496.0
23096,1435993621758,395.0
23097,1435993621778,395.0
23098,1435993621797,354.0
23099,1435993621819,354.0
23100,1435993621839,332.0
23101,1435993621858,315.0
23102,1435993621879,315.0
23103,1435993621897,287.0
23104,1435993621924,287.0
23105,1435993621981,266.0
23106,1435993621982,266.0
23107,1435993621983,261.0
23108,1435993622001,261.0
23109,1435993622018,263.0
23110,1435993622034,263.0
23111,1435993622057,254.0
23112,1435993622075,246.0
23113,1435993622094,246.0
23114,1435993622115,237.0
23115,1435993622136,237.0
23116,1435993622156,243.0
23117,1435993622175,243.0
23118,1435993622196,274.0
23119,1435993622218,274.0
23120,1435993622236,329.0
23121,1435993622258,329.0
23122,1435993622277,403.0
23123,1435993622298,491.0
23124,1435993622321,491.0
23125,1435993622337,572.0
23126,1435993622359,572.0
23127,1435993622379,641.0
23128,1435993622396,641.0
23129,1435993622417,651.0
23130,1435993622441,651.0
23131,1435993622461,603.0
23132,1435993622481,603.0
23133,1435993622500,561.0
23134,1435993622516,529.0
23135,1435993622537,529.0
23136,1435993622559,502.0
23137,1435993622577,502.0
23138,1435993622645,475.0
23139,1435993622646,475.0
23140,1435993622647,465.0
23141,1435993622658,465.0
23142,1435993622675,447.0
23143,1435993622694,447.0
23144,1435993622714,430.0
23145,1435993622737,425.0
23146,1435993622756,425.0
23147,1435993622780,424.0
23148,1435993622802,424.0
23149,1435993622818,410.0
23150,1435993622839,410.0
23151,1435993622861,401.0
23152,1435993622879,401.0
23153,1435993622899,365.0
23154,1435993622920,365.0
23155,1435993622941,324.0
23156,1435993622957,307.0
23157,1435993622980,307.0
23158,1435993622999,293.0
23159,1435993623019,293.0
23160,1435993623039,278.0
23161,1435993623059,278.0
23162,1435993623079,262.0
23163,1435993623100,262.0
23164,1435993623119,236.0
23165,1435993623139,236.0
23166,1435993623164,218.0
23167,1435993623179,208.0
23168,1435993623197,208.0
23169,1435993623267,207.0
23170,1435993623268,207.0
23171,1435993623269,214.0
23172,1435993623281,214.0
23173,1435993623295,221.0
23174,1435993623315,221.0
23175,1435993623336,224.0
23176,1435993623356,224.0
23177,1435993623377,237.0
23178,1435993623397,237.0
23179,1435993623417,259.0
23180,1435993623439,298.0
23181,1435993623460,298.0
23182,1435993623480,369.0
23183,1435993623500,369.0
23184,1435993623520,473.0
23185,1435993623539,473.0
23186,1435993623560,578.0
23187,1435993623580,578.0
23188,1435993623600,670.0
23189,1435993623619,670.0
23190,1435993623638,735.0
23191,1435993623706,746.0
23192,1435993623707,746.0
23193,1435993623708,708.0
23194,1435993623716,708.0
23195,1435993623735,652.0
23196,1435993623758,652.0
23197,1435993623777,626.0
23198,1435993623800,626.0
23199,1435993623820,599.0
23200,1435993623840,599.0
23201,1435993623859,581.0
23202,1435993623886,579.0
23203,1435993623959,579.0
23204,1435993623960,564.0
23205,1435993623961,564.0
23206,1435993623962,556.0
23207,1435993623979,556.0
23208,1435993623997,561.0
23209,1435993624016,561.0
23210,1435993624036,554.0
23211,1435993624058,554.0
23212,1435993624076,498.0
23213,1435993624097,451.0
23214,1435993624118,451.0
23215,1435993624139,467.0
23216,1435993624160,467.0
23217,1435993624180,481.0
23218,1435993624200,481.0
23219,1435993624219,480.0
23220,1435993624260,480.0
23221,1435993624261,490.0
23222,1435993624280,490.0
23223,1435993624298,502.0
23224,1435993624318,533.0
23225,1435993624339,533.0
23226,1435993624359,577.0
23227,1435993624378,577.0
23228,1435993624402,597.0
23229,1435993624424,597.0
23230,1435993624442,542.0
23231,1435993624459,542.0
23232,1435993624480,452.0
23233,1435993624498,452.0
23234,1435993624518,392.0
23235,1435993624540,347.0
23236,1435993624593,347.0
23237,1435993624594,302.0
23238,1435993624599,302.0
23239,1435993624625,310.0
23240,1435993624637,310.0
23241,1435993624659,371.0
23242,1435993624677,371.0
23243,1435993624697,481.0
23244,1435993624718,481.0
23245,1435993624738,588.0
23246,1435993624758,693.0
23247,1435993624780,693.0
23248,1435993624800,773.0
23249,1435993624820,773.0
23250,1435993624844,744.0
23251,1435993624860,744.0
23252,1435993624881,660.0
23253,1435993624902,660.0
23254,1435993624920,601.0
23255,1435993624941,601.0
23256,1435993624962,583.0
23257,1435993624981,553.0
23258,1435993625001,553.0
23259,1435993625020,537.0
23260,1435993625039,537.0
23261,1435993625060,521.0
23262,1435993625080,521.0
23263,1435993625101,491.0
23264,1435993625119,491.0
23265,1435993625140,476.0
23266,1435993625167,476.0
23267,1435993625189,472.0
23268,1435993625228,471.0
23269,1435993625229,471.0
23270,1435993625244,441.0
23271,1435993625259,441.0
23272,1435993625279,435.0
23273,1435993625297,435.0
23274,1435993625320,385.0
23275,1435993625338,385.0
23276,1435993625359,337.0
23277,1435993625386,337.0
23278,1435993625400,312.0
23279,1435993625420,292.0
23280,1435993625440,292.0
23281,1435993625460,270.0
23282,1435993625482,270.0
23283,1435993625502,241.0
23284,1435993625520,241.0
23285,1435993625540,221.0
23286,1435993625561,221.0
23287,1435993625581,205.0
23288,1435993625602,205.0
23289,1435993625620,196.0
23290,1435993625665,196.0
23291,1435993625666,196.0
23292,1435993625680,196.0
23293,1435993625698,196.0
23294,1435993625722,197.0
23295,1435993625739,197.0
23296,1435993625759,211.0
23297,1435993625779,211.0
23298,1435993625803,268.0
23299,1435993625830,268.0
23300,1435993625880,352.0
23301,1435993625881,447.0
23302,1435993625882,447.0
23303,1435993625899,552.0
23304,1435993625918,552.0
23305,1435993625938,647.0
23306,1435993625962,647.0
23307,1435993625980,725.0
23308,1435993625999,725.0
23309,1435993626021,778.0
23310,1435993626042,778.0
23311,1435993626062,778.0
23312,1435993626082,742.0
23313,1435993626102,742.0
23314,1435993626122,699.0
23315,1435993626142,699.0
23316,1435993626164,681.0
23317,1435993626181,681.0
23318,1435993626203,664.0
23319,1435993626226,664.0
23320,1435993626242,633.0
23321,1435993626258,633.0
23322,1435993626294,604.0
23323,1435993626299,590.0
23324,1435993626318,590.0
23325,1435993626340,566.0
23326,1435993626362,566.0
23327,1435993626379,549.0
23328,1435993626406,549.0
23329,1435993626423,531.0
23330,1435993626446,531.0
23331,1435993626465,506.0
23332,1435993626524,506.0
23333,1435993626525,482.0
23334,1435993626526,470.0
23335,1435993626538,470.0
23336,1435993626560,416.0
23337,1435993626581,416.0
23338,1435993626599,379.0
23339,1435993626622,379.0
23340,1435993626641,352.0
23341,1435993626661,352.0
23342,1435993626680,330.0
23343,1435993626703,330.0
23344,1435993626720,310.0
23345,1435993626740,286.0
23346,1435993626760,286.0
23347,1435993626784,257.0
23348,1435993626802,257.0
23349,1435993626824,237.0
23350,1435993626844,237.0
23351,1435993626862,225.0
23352,1435993626886,225.0
23353,1435993626904,224.0
23354,1435993626923,224.0
23355,1435993626944,239.0
23356,1435993626964,255.0
23357,1435993626982,255.0
23358,1435993627001,257.0
23359,1435993627021,257.0
23360,1435993627040,278.0
23361,1435993627067,278.0
23362,1435993627084,370.0
23363,1435993627103,370.0
23364,1435993627123,477.0
23365,1435993627148,477.0
23366,1435993627224,589.0
23367,1435993627225,711.0
23368,1435993627226,711.0
23369,1435993627227,848.0
23370,1435993627240,848.0
23371,1435993627260,959.0
23372,1435993627279,959.0
23373,1435993627300,994.0
23374,1435993627320,994.0
23375,1435993627340,937.0
23376,1435993627396,937.0
23377,1435993627397,865.0
23378,1435993627405,812.0
23379,1435993627420,812.0
23380,1435993627440,775.0
23381,1435993627459,775.0
23382,1435993627480,738.0
23383,1435993627500,738.0
23384,1435993627520,711.0
23385,1435993627541,711.0
23386,1435993627560,694.0
23387,1435993627580,694.0
23388,1435993627602,677.0
23389,1435993627620,677.0
23390,1435993627640,628.0
23391,1435993627662,565.0
23392,1435993627680,565.0
23393,1435993627700,532.0
23394,1435993627725,532.0
23395,1435993627741,516.0
23396,1435993627760,516.0
23397,1435993627804,493.0
23398,1435993627805,493.0
23399,1435993627842,468.0
23400,1435993627843,468.0
23401,1435993627860,440.0
23402,1435993627879,414.0
23403,1435993627901,414.0
23404,1435993627925,384.0
23405,1435993627942,384.0
23406,1435993627963,350.0
23407,1435993627984,350.0
23408,1435993628005,311.0
23409,1435993628023,311.0
23410,1435993628047,282.0
23411,1435993628065,282.0
23412,1435993628084,264.0
23413,1435993628104,269.0
23414,1435993628125,269.0
23415,1435993628145,263.0
23416,1435993628166,263.0
23417,1435993628181,263.0
23418,1435993628205,263.0
23419,1435993628224,273.0
23420,1435993628244,273.0
23421,1435993628264,324.0
23422,1435993628284,324.0
23423,1435993628304,449.0
23424,1435993628325,583.0
23425,1435993628345,583.0
23426,1435993628365,698.0
23427,1435993628384,698.0
23428,1435993628404,808.0
23429,1435993628424,808.0
23430,1435993628444,893.0
23431,1435993628504,893.0
23432,1435993628505,964.0
23433,1435993628506,964.0
23434,1435993628520,982.0
23435,1435993628540,938.0
23436,1435993628561,938.0
23437,1435993628580,913.0
23438,1435993628600,913.0
23439,1435993628622,893.0
23440,1435993628645,893.0
23441,1435993628665,860.0
23442,1435993628685,860.0
23443,1435993628702,838.0
23444,1435993628735,838.0
23445,1435993628780,808.0
23446,1435993628781,767.0
23447,1435993628782,767.0
23448,1435993628802,734.0
23449,1435993628828,734.0
23450,1435993628844,701.0
23451,1435993628865,701.0
23452,1435993628884,700.0
23453,1435993628904,700.0
23454,1435993628927,658.0
23455,1435993628947,658.0
23456,1435993628968,587.0
23457,1435993628987,527.0
23458,1435993629004,527.0
23459,1435993629022,486.0
23460,1435993629047,486.0
23461,1435993629072,451.0
23462,1435993629114,451.0
23463,1435993629115,419.0
23464,1435993629131,419.0
23465,1435993629152,381.0
23466,1435993629163,381.0
23467,1435993629185,335.0
23468,1435993629204,296.0
23469,1435993629225,296.0
23470,1435993629243,274.0
23471,1435993629266,274.0
23472,1435993629286,271.0
23473,1435993629306,271.0
23474,1435993629323,297.0
23475,1435993629346,297.0
23476,1435993629365,340.0
23477,1435993629385,340.0
23478,1435993629406,397.0
23479,1435993629425,475.0
23480,1435993629445,475.0
23481,1435993629465,581.0
23482,1435993629484,581.0
23483,1435993629506,729.0
23484,1435993629524,729.0
23485,1435993629543,885.0
23486,1435993629563,885.0
23487,1435993629589,993.0
23488,1435993629608,993.0
23489,1435993629625,1095.0
23490,1435993629644,1211.0
23491,1435993629675,1211.0
23492,1435993629683,1282.0
23493,1435993629704,1282.0
23494,1435993629725,1277.0
23495,1435993629743,1277.0
23496,1435993629810,1235.0
23497,1435993629811,1235.0
23498,1435993629812,1221.0
23499,1435993629824,1221.0
23500,1435993629843,1273.0
23501,1435993629861,1264.0
23502,1435993629885,1264.0
23503,1435993629903,1160.0
23504,1435993629925,1160.0
23505,1435993629946,1124.0
23506,1435993629975,1124.0
23507,1435993629985,1169.0
23508,1435993630005,1169.0
23509,1435993630025,1152.0
23510,1435993630046,1152.0
23511,1435993630068,1126.0
23512,1435993630086,1134.0
23513,1435993630106,1134.0
23514,1435993630130,1132.0
23515,1435993630144,1132.0
23516,1435993630166,1122.0
23517,1435993630186,1122.0
23518,1435993630204,1090.0
23519,1435993630225,1090.0
23520,1435993630251,974.0
23521,1435993630266,974.0
23522,1435993630286,1051.0
23523,1435993630307,1259.0
23524,1435993630325,1259.0
23525,1435993630345,1198.0
23526,1435993630365,1198.0
23527,1435993630385,1066.0
23528,1435993630405,1066.0
23529,1435993630458,973.0
23530,1435993630459,973.0
23531,1435993630477,888.0
23532,1435993630483,888.0
23533,1435993630502,791.0
23534,1435993630523,734.0
23535,1435993630545,734.0
23536,1435993630564,718.0
23537,1435993630585,718.0
23538,1435993630607,750.0
23539,1435993630654,750.0
23540,1435993630655,855.0
23541,1435993630670,855.0
23542,1435993630686,1089.0
23543,1435993630706,1089.0
23544,1435993630727,1370.0
23545,1435993630747,1509.0
23546,1435993630767,1509.0
23547,1435993630787,1599.0
23548,1435993630807,1599.0
23549,1435993630824,1698.0
23550,1435993630847,1698.0
23551,1435993630865,1807.0
23552,1435993630884,1807.0
23553,1435993630905,1862.0
23554,1435993630929,1862.0
23555,1435993630949,1867.0
23556,1435993630970,1871.0
23557,1435993630986,1871.0
23558,1435993631004,1907.0
23559,1435993631026,1907.0
23560,1435993631044,1942.0
23561,1435993631066,1942.0
23562,1435993631128,1959.0
23563,1435993631129,1959.0
23564,1435993631130,1979.0
23565,1435993631143,1979.0
23566,1435993631163,1993.0
23567,1435993631183,2012.0
23568,1435993631205,2012.0
23569,1435993631228,2020.0
23570,1435993631246,2020.0
23571,1435993631266,2021.0
23572,1435993631301,2021.0
23573,1435993631313,2010.0
23574,1435993631324,2010.0
23575,1435993631343,2002.0
23576,1435993631363,2002.0
23577,1435993631384,2010.0
23578,1435993631403,2002.0
23579,1435993631423,2002.0
23580,1435993631444,1976.0
23581,1435993631463,1976.0
23582,1435993631485,1968.0
23583,1435993631526,1968.0
23584,1435993631527,1952.0
23585,1435993631544,1952.0
23586,1435993631567,1925.0
23587,1435993631585,1925.0
23588,1435993631607,1881.0
23589,1435993631632,1841.0
23590,1435993631649,1841.0
23591,1435993631668,1813.0
23592,1435993631689,1813.0
23593,1435993631707,1862.0
23594,1435993631726,1862.0
23595,1435993631810,1899.0
23596,1435993631811,1899.0
23597,1435993631812,1917.0
23598,1435993631813,1917.0
23599,1435993631829,1934.0
23600,1435993631844,1936.0
23601,1435993631866,1936.0
23602,1435993631887,1917.0
23603,1435993631906,1917.0
23604,1435993631925,1903.0
23605,1435993631944,1903.0
23606,1435993631964,1880.0
23607,1435993631986,1880.0
23608,1435993632007,1823.0
23609,1435993632037,1823.0
23610,1435993632046,1808.0
23611,1435993632067,1808.0
23612,1435993632087,1826.0
23613,1435993632109,1935.0
23614,1435993632129,1935.0
23615,1435993632147,1895.0
23616,1435993632169,1895.0
23617,1435993632187,1662.0
23618,1435993632206,1662.0
23619,1435993632226,1749.0
23620,1435993632248,1749.0
23621,1435993632268,1939.0
23622,1435993632289,1939.0
23623,1435993632307,2282.0
23624,1435993632326,2576.0
23625,1435993632347,2576.0
23626,1435993632368,2455.0
23627,1435993632453,2455.0
23628,1435993632454,2129.0
23629,1435993632455,2129.0
23630,1435993632456,1894.0
23631,1435993632465,1894.0
23632,1435993632484,1930.0
23633,1435993632504,1930.0
23634,1435993632524,2018.0
23635,1435993632545,1932.0
23636,1435993632569,1932.0
23637,1435993632590,1821.0
23638,1435993632609,1821.0
23639,1435993632627,1811.0
23640,1435993632649,1811.0
23641,1435993632668,1900.0
23642,1435993632689,1900.0
23643,1435993632709,1930.0
23644,1435993632728,1930.0
23645,1435993632750,1884.0
23646,1435993632767,1864.0
23647,1435993632789,1864.0
23648,1435993632807,1823.0
23649,1435993632827,1823.0
23650,1435993632846,1713.0
23651,1435993632869,1713.0
23652,1435993632894,2388.0
23653,1435993632906,2388.0
23654,1435993632926,2610.0
23655,1435993632948,2610.0
23656,1435993632966,2358.0
23657,1435993632986,2070.0
23658,1435993633019,2070.0
23659,1435993633071,1929.0
23660,1435993633072,1929.0
23661,1435993633073,1828.0
23662,1435993633089,1828.0
23663,1435993633106,1754.0
23664,1435993633128,1754.0
23665,1435993633147,1715.0
23666,1435993633166,1715.0
23667,1435993633188,1683.0
23668,1435993633207,1602.0
23669,1435993633229,1602.0
23670,1435993633247,1455.0
23671,1435993633269,1455.0
23672,1435993633286,1223.0
23673,1435993633309,1223.0
23674,1435993633329,1061.0
23675,1435993633349,1061.0
23676,1435993633370,907.0
23677,1435993633390,907.0
23678,1435993633406,797.0
23679,1435993633428,866.0
23680,1435993633446,866.0
23681,1435993633466,1054.0
23682,1435993633487,1054.0
23683,1435993633508,1279.0
23684,1435993633527,1279.0
23685,1435993633552,1402.0
23686,1435993633571,1402.0
23687,1435993633594,1422.0
23688,1435993633610,1422.0
23689,1435993633628,1395.0
23690,1435993633647,1337.0
23691,1435993633669,1337.0
23692,1435993633760,1239.0
23693,1435993633762,1239.0
23694,1435993633763,1210.0
23695,1435993633764,1210.0
23696,1435993633770,1278.0
23697,1435993633790,1278.0
23698,1435993633805,1363.0
23699,1435993633827,1363.0
23700,1435993633852,1429.0
23701,1435993633868,1425.0
23702,1435993633887,1425.0
23703,1435993633907,1429.0
23704,1435993633927,1429.0
23705,1435993633947,1419.0
23706,1435993633968,1419.0
23707,1435993633987,1340.0
23708,1435993634010,1340.0
23709,1435993634030,1219.0
23710,1435993634050,1219.0
23711,1435993634070,1024.0
23712,1435993634092,1580.0
23713,1435993634108,1580.0
23714,1435993634130,2144.0
23715,1435993634154,2144.0
23716,1435993634172,2000.0
23717,1435993634191,2000.0
23718,1435993634213,1701.0
23719,1435993634229,1701.0
23720,1435993634262,1484.0
23721,1435993634270,1484.0
23722,1435993634290,1379.0
23723,1435993634312,1344.0
23724,1435993634333,1344.0
23725,1435993634351,1315.0
23726,1435993634421,1315.0
23727,1435993634422,1243.0
23728,1435993634423,1243.0
23729,1435993634431,1117.0
23730,1435993634447,1117.0
23731,1435993634466,948.0
23732,1435993634486,948.0
23733,1435993634506,799.0
23734,1435993634530,641.0
23735,1435993634551,641.0
23736,1435993634570,549.0
23737,1435993634590,549.0
23738,1435993634610,502.0
23739,1435993634629,502.0
23740,1435993634650,521.0
23741,1435993634669,521.0
23742,1435993634690,582.0
23743,1435993634710,582.0
23744,1435993634730,615.0
23745,1435993634774,629.0
23746,1435993634775,629.0
23747,1435993634790,664.0
23748,1435993634810,664.0
23749,1435993634830,711.0
23750,1435993634849,711.0
23751,1435993634870,730.0
23752,1435993634889,730.0
23753,1435993634921,724.0
23754,1435993634935,724.0
23755,1435993634948,721.0
23756,1435993634968,694.0
23757,1435993635036,694.0
23758,1435993635037,681.0
23759,1435993635038,681.0
23760,1435993635059,673.0
23761,1435993635067,673.0
23762,1435993635089,631.0
23763,1435993635109,631.0
23764,1435993635128,566.0
23765,1435993635149,566.0
23766,1435993635170,523.0
23767,1435993635189,497.0
23768,1435993635211,497.0
23769,1435993635231,556.0
23770,1435993635252,556.0
23771,1435993635269,601.0
23772,1435993635293,601.0
23773,1435993635310,582.0
23774,1435993635331,582.0
23775,1435993635356,552.0
23776,1435993635370,552.0
23777,1435993635392,531.0
23778,1435993635412,506.0
23779,1435993635436,506.0
23780,1435993635450,486.0
23781,1435993635469,486.0
23782,1435993635488,469.0
23783,1435993635558,469.0
23784,1435993635559,434.0
23785,1435993635560,434.0
23786,1435993635568,390.0
23787,1435993635589,390.0
23788,1435993635609,330.0
23789,1435993635665,293.0
23790,1435993635666,293.0
23791,1435993635667,278.0
23792,1435993635688,278.0
23793,1435993635708,277.0
23794,1435993635729,277.0
23795,1435993635751,296.0
23796,1435993635768,296.0
23797,1435993635789,339.0
23798,1435993635809,339.0
23799,1435993635830,398.0
23800,1435993635851,440.0
23801,1435993635870,440.0
23802,1435993635892,479.0
23803,1435993635910,479.0
23804,1435993635933,521.0
23805,1435993635950,521.0
23806,1435993635969,566.0
23807,1435993635989,566.0
23808,1435993636010,600.0
23809,1435993636029,600.0
23810,1435993636050,598.0
23811,1435993636070,593.0
23812,1435993636090,593.0
23813,1435993636110,574.0
23814,1435993636134,574.0
23815,1435993636155,555.0
23816,1435993636170,555.0
23817,1435993636191,552.0
23818,1435993636212,552.0
23819,1435993636230,528.0
23820,1435993636312,528.0
23821,1435993636313,492.0
23822,1435993636314,466.0
23823,1435993636315,466.0
23824,1435993636328,459.0
23825,1435993636347,459.0
23826,1435993636369,498.0
23827,1435993636392,498.0
23828,1435993636409,482.0
23829,1435993636435,482.0
23830,1435993636449,456.0
23831,1435993636469,456.0
23832,1435993636491,435.0
23833,1435993636509,435.0
23834,1435993636530,418.0
23835,1435993636554,404.0
23836,1435993636570,404.0
23837,1435993636592,391.0
23838,1435993636611,391.0
23839,1435993636630,377.0
23840,1435993636652,377.0
23841,1435993636671,356.0
23842,1435993636693,356.0
23843,1435993636710,328.0
23844,1435993636730,328.0
23845,1435993636750,307.0
23846,1435993636783,301.0
23847,1435993636791,301.0
23848,1435993636809,300.0
23849,1435993636829,300.0
23850,1435993636849,307.0
23851,1435993636869,307.0
23852,1435993636888,341.0
23853,1435993636911,341.0
23854,1435993636979,403.0
23855,1435993636980,403.0
23856,1435993636981,461.0
23857,1435993636991,506.0
23858,1435993637011,506.0
23859,1435993637029,543.0
23860,1435993637048,543.0
23861,1435993637069,574.0
23862,1435993637098,574.0
23863,1435993637109,598.0
23864,1435993637129,598.0
23865,1435993637150,604.0
23866,1435993637169,604.0
23867,1435993637188,589.0
23868,1435993637212,586.0
23869,1435993637233,586.0
23870,1435993637249,582.0
23871,1435993637273,582.0
23872,1435993637293,571.0
23873,1435993637311,571.0
23874,1435993637339,566.0
23875,1435993637354,566.0
23876,1435993637371,551.0
23877,1435993637394,551.0
23878,1435993637417,532.0
23879,1435993637433,510.0
23880,1435993637452,510.0
23881,1435993637477,484.0
23882,1435993637495,484.0
23883,1435993637511,515.0
23884,1435993637530,515.0
23885,1435993637550,511.0
23886,1435993637572,511.0
23887,1435993637593,489.0
23888,1435993637661,489.0
23889,1435993637662,469.0
23890,1435993637663,467.0
23891,1435993637669,467.0
23892,1435993637693,461.0
23893,1435993637715,461.0
23894,1435993637733,457.0
23895,1435993637754,457.0
23896,1435993637770,450.0
23897,1435993637795,450.0
23898,1435993637814,444.0
23899,1435993637836,444.0
23900,1435993637851,436.0
23901,1435993637874,432.0
23902,1435993637894,432.0
23903,1435993637914,436.0
23904,1435993637934,436.0
23905,1435993637954,431.0
23906,1435993637980,431.0
23907,1435993638002,447.0
23908,1435993638011,447.0
23909,1435993638031,485.0
23910,1435993638053,485.0
23911,1435993638071,540.0
23912,1435993638094,590.0
23913,1435993638111,590.0
23914,1435993638133,600.0
23915,1435993638151,600.0
23916,1435993638174,570.0
23917,1435993638191,570.0
23918,1435993638213,548.0
23919,1435993638243,548.0
23920,1435993638311,535.0
23921,1435993638312,535.0
23922,1435993638313,531.0
23923,1435993638314,523.0
23924,1435993638330,523.0
23925,1435993638355,513.0
23926,1435993638371,513.0
23927,1435993638392,508.0
23928,1435993638412,508.0
23929,1435993638435,500.0
23930,1435993638454,500.0
23931,1435993638471,493.0
23932,1435993638504,493.0
23933,1435993638511,490.0
23934,1435993638532,483.0
23935,1435993638551,483.0
23936,1435993638571,470.0
23937,1435993638592,470.0
23938,1435993638616,464.0
23939,1435993638631,464.0
23940,1435993638655,458.0
23941,1435993638674,458.0
23942,1435993638694,490.0
23943,1435993638713,490.0
23944,1435993638735,510.0
23945,1435993638754,504.0
23946,1435993638806,504.0
23947,1435993638838,499.0
23948,1435993638839,499.0
23949,1435993638840,496.0
23950,1435993638854,496.0
23951,1435993638875,492.0
23952,1435993638937,492.0
23953,1435993638938,489.0
23954,1435993638939,489.0
23955,1435993638951,482.0
23956,1435993638970,470.0
23957,1435993638990,470.0
23958,1435993639011,446.0
23959,1435993639031,446.0
23960,1435993639051,405.0
23961,1435993639071,405.0
23962,1435993639093,349.0
23963,1435993639115,349.0
23964,1435993639135,290.0
23965,1435993639152,290.0
23966,1435993639175,243.0
23967,1435993639197,225.0
23968,1435993639215,225.0
23969,1435993639242,232.0
23970,1435993639258,232.0
23971,1435993639277,259.0
23972,1435993639295,259.0
23973,1435993639314,287.0
23974,1435993639336,287.0
23975,1435993639357,319.0
23976,1435993639371,319.0
23977,1435993639408,361.0
23978,1435993639410,398.0
23979,1435993639431,398.0
23980,1435993639450,418.0
23981,1435993639470,418.0
23982,1435993639492,410.0
23983,1435993639513,410.0
23984,1435993639584,393.0
23985,1435993639585,393.0
23986,1435993639586,386.0
23987,1435993639599,386.0
23988,1435993639613,370.0
23989,1435993639632,353.0
23990,1435993639656,353.0
23991,1435993639674,342.0
23992,1435993639691,342.0
23993,1435993639713,320.0
23994,1435993639735,320.0
23995,1435993639756,301.0
23996,1435993639776,301.0
23997,1435993639797,287.0
23998,1435993639815,287.0
23999,1435993639836,303.0
24000,1435993639856,318.0
24001,1435993639875,318.0
24002,1435993639895,302.0
24003,1435993639917,302.0
24004,1435993639934,285.0
24005,1435993639956,285.0
24006,1435993639978,270.0
24007,1435993639994,270.0
24008,1435993640015,257.0
24009,1435993640100,257.0
24010,1435993640101,244.0
24011,1435993640102,232.0
24012,1435993640103,232.0
24013,1435993640117,218.0
24014,1435993640132,218.0
24015,1435993640155,204.0
24016,1435993640174,204.0
24017,1435993640239,189.0
24018,1435993640240,189.0
24019,1435993640241,178.0
24020,1435993640252,178.0
24021,1435993640273,174.0
24022,1435993640297,174.0
24023,1435993640313,171.0
24024,1435993640334,171.0
24025,1435993640354,171.0
24026,1435993640376,176.0
24027,1435993640397,176.0
24028,1435993640415,194.0
24029,1435993640434,194.0
24030,1435993640457,223.0
24031,1435993640476,223.0
24032,1435993640496,252.0
24033,1435993640517,252.0
24034,1435993640547,287.0
24035,1435993640556,328.0
24036,1435993640578,328.0
24037,1435993640592,366.0
24038,1435993640617,366.0
24039,1435993640648,380.0
24040,1435993640652,380.0
24041,1435993640672,360.0
24042,1435993640694,360.0
24043,1435993640715,343.0
24044,1435993640736,343.0
24045,1435993640757,331.0
24046,1435993640776,315.0
24047,1435993640797,315.0
24048,1435993640815,305.0
24049,1435993640843,305.0
24050,1435993640890,295.0
24051,1435993640891,295.0
24052,1435993640892,278.0
24053,1435993640913,278.0
24054,1435993640934,264.0
24055,1435993640952,264.0
24056,1435993640972,257.0
24057,1435993640994,282.0
24058,1435993641013,282.0
24059,1435993641032,294.0
24060,1435993641054,294.0
24061,1435993641072,269.0
24062,1435993641097,269.0
24063,1435993641116,247.0
24064,1435993641136,247.0
24065,1435993641157,232.0
24066,1435993641178,232.0
24067,1435993641196,220.0
24068,1435993641216,209.0
24069,1435993641239,209.0
24070,1435993641257,197.0
24071,1435993641275,197.0
24072,1435993641297,183.0
24073,1435993641316,183.0
24074,1435993641339,173.0
24075,1435993641360,173.0
24076,1435993641379,165.0
24077,1435993641397,165.0
24078,1435993641416,160.0
24079,1435993641436,160.0
24080,1435993641455,160.0
24081,1435993641477,159.0
24082,1435993641495,159.0
24083,1435993641555,157.0
24084,1435993641556,157.0
24085,1435993641557,158.0
24086,1435993641573,158.0
24087,1435993641594,169.0
24088,1435993641613,169.0
24089,1435993641634,195.0
24090,1435993641655,223.0
24091,1435993641678,223.0
24092,1435993641698,255.0
24093,1435993641719,255.0
24094,1435993641738,291.0
24095,1435993641755,291.0
24096,1435993641778,326.0
24097,1435993641797,326.0
24098,1435993641817,345.0
24099,1435993641839,345.0
24100,1435993641855,333.0
24101,1435993641877,313.0
24102,1435993641896,313.0
24103,1435993641915,297.0
24104,1435993641936,297.0
24105,1435993641971,283.0
24106,1435993641975,283.0
24107,1435993641994,272.0
24108,1435993642015,272.0
24109,1435993642036,263.0
24110,1435993642053,263.0
24111,1435993642074,254.0
24112,1435993642099,247.0
24113,1435993642128,247.0
24114,1435993642137,243.0
24115,1435993642154,243.0
24116,1435993642175,257.0
24117,1435993642201,257.0
24118,1435993642215,262.0
24119,1435993642237,262.0
24120,1435993642255,244.0
24121,1435993642274,244.0
24122,1435993642295,227.0
24123,1435993642320,214.0
24124,1435993642338,214.0
24125,1435993642358,202.0
24126,1435993642380,202.0
24127,1435993642398,190.0
24128,1435993642418,190.0
24129,1435993642439,178.0
24130,1435993642458,178.0
24131,1435993642479,166.0
24132,1435993642498,166.0
24133,1435993642518,157.0
24134,1435993642537,149.0
24135,1435993642560,149.0
24136,1435993642575,145.0
24137,1435993642595,145.0
24138,1435993642617,144.0
24139,1435993642638,144.0
24140,1435993642658,142.0
24141,1435993642679,142.0
24142,1435993642697,139.0
24143,1435993642717,139.0
24144,1435993642738,143.0
24145,1435993642764,159.0
24146,1435993642836,159.0
24147,1435993642837,191.0
24148,1435993642838,191.0
24149,1435993642839,222.0
24150,1435993642856,222.0
24151,1435993642874,256.0
24152,1435993642896,256.0
24153,1435993642918,292.0
24154,1435993642935,292.0
24155,1435993642956,323.0
24156,1435993642979,337.0
24157,1435993642999,337.0
24158,1435993643020,323.0
24159,1435993643043,323.0
24160,1435993643060,305.0
24161,1435993643076,305.0
24162,1435993643096,290.0
24163,1435993643116,290.0
24164,1435993643135,279.0
24165,1435993643159,279.0
24166,1435993643177,270.0
24167,1435993643198,261.0
24168,1435993643220,261.0
24169,1435993643237,257.0
24170,1435993643259,257.0
24171,1435993643277,251.0
24172,1435993643297,251.0
24173,1435993643321,248.0
24174,1435993643343,248.0
24175,1435993643359,256.0
24176,1435993643376,256.0
24177,1435993643397,256.0
24178,1435993643416,239.0
24179,1435993643439,239.0
24180,1435993643496,225.0
24181,1435993643497,225.0
24182,1435993643498,212.0
24183,1435993643519,212.0
24184,1435993643536,203.0
24185,1435993643557,203.0
24186,1435993643577,192.0
24187,1435993643595,192.0
24188,1435993643615,181.0
24189,1435993643638,169.0
24190,1435993643660,169.0
24191,1435993643679,159.0
24192,1435993643699,159.0
24193,1435993643719,151.0
24194,1435993643739,151.0
24195,1435993643760,149.0
24196,1435993643779,149.0
24197,1435993643799,154.0
24198,1435993643821,154.0
24199,1435993643837,153.0
24200,1435993643859,153.0
24201,1435993643877,153.0
24202,1435993643896,158.0
24203,1435993643917,158.0
24204,1435993643942,174.0
24205,1435993643962,174.0
24206,1435993643982,203.0
24207,1435993644000,203.0
24208,1435993644019,228.0
24209,1435993644087,228.0
24210,1435993644088,256.0
24211,1435993644089,288.0
24212,1435993644129,288.0
24213,1435993644130,317.0
24214,1435993644136,317.0
24215,1435993644155,328.0
24216,1435993644176,328.0
24217,1435993644197,310.0
24218,1435993644217,310.0
24219,1435993644242,289.0
24220,1435993644257,289.0
24221,1435993644277,276.0
24222,1435993644299,266.0
24223,1435993644320,266.0
24224,1435993644340,255.0
24225,1435993644361,255.0
24226,1435993644380,250.0
24227,1435993644400,250.0
24228,1435993644420,244.0
24229,1435993644439,244.0
24230,1435993644460,234.0
24231,1435993644486,234.0
24232,1435993644500,238.0
24233,1435993644520,238.0
24234,1435993644543,263.0
24235,1435993644557,255.0
24236,1435993644578,255.0
24237,1435993644600,233.0
24238,1435993644620,233.0
24239,1435993644640,217.0
24240,1435993644662,217.0
24241,1435993644680,205.0
24242,1435993644698,205.0
24243,1435993644720,195.0
24244,1435993644747,195.0
24245,1435993644802,184.0
24246,1435993644803,173.0
24247,1435993644804,173.0
24248,1435993644822,162.0
24249,1435993644838,162.0
24250,1435993644859,154.0
24251,1435993644877,154.0
24252,1435993644899,146.0
24253,1435993644918,146.0
24254,1435993644941,143.0
24255,1435993644962,143.0
24256,1435993644981,143.0
24257,1435993645000,139.0
24258,1435993645020,139.0
24259,1435993645041,140.0
24260,1435993645058,140.0
24261,1435993645079,149.0
24262,1435993645109,149.0
24263,1435993645117,175.0
24264,1435993645139,175.0
24265,1435993645160,210.0
24266,1435993645181,210.0
24267,1435993645203,244.0
24268,1435993645221,283.0
24269,1435993645247,283.0
24270,1435993645261,315.0
24271,1435993645278,315.0
24272,1435993645298,331.0
24273,1435993645319,331.0
24274,1435993645341,323.0
24275,1435993645360,323.0
24276,1435993645380,306.0
24277,1435993645401,306.0
24278,1435993645449,296.0
24279,1435993645450,285.0
24280,1435993645461,285.0
24281,1435993645482,271.0
24282,1435993645497,271.0
24283,1435993645518,266.0
24284,1435993645539,266.0
24285,1435993645559,264.0
24286,1435993645577,264.0
24287,1435993645597,254.0
24288,1435993645618,254.0
24289,1435993645638,247.0
24290,1435993645660,258.0
24291,1435993645683,258.0
24292,1435993645701,276.0
24293,1435993645719,276.0
24294,1435993645744,258.0
24295,1435993645759,258.0
24296,1435993645781,232.0
24297,1435993645803,232.0
24298,1435993645819,214.0
24299,1435993645841,214.0
24300,1435993645862,197.0
24301,1435993645879,182.0
24302,1435993645899,182.0
24303,1435993645926,166.0
24304,1435993645940,166.0
24305,1435993645964,150.0
24306,1435993645982,150.0
24307,1435993645999,140.0
24308,1435993646020,140.0
24309,1435993646042,135.0
24310,1435993646095,135.0
24311,1435993646096,132.0
24312,1435993646100,133.0
24313,1435993646117,133.0
24314,1435993646137,132.0
24315,1435993646160,132.0
24316,1435993646179,124.0
24317,1435993646198,124.0
24318,1435993646221,119.0
24319,1435993646238,119.0
24320,1435993646262,127.0
24321,1435993646281,127.0
24322,1435993646300,155.0
24323,1435993646318,191.0
24324,1435993646340,191.0
24325,1435993646393,224.0
24326,1435993646394,224.0
24327,1435993646398,260.0
24328,1435993646417,260.0
24329,1435993646437,297.0
24330,1435993646458,297.0
24331,1435993646477,327.0
24332,1435993646502,327.0
24333,1435993646520,325.0
24334,1435993646539,295.0
24335,1435993646559,295.0
24336,1435993646580,270.0
24337,1435993646600,270.0
24338,1435993646622,254.0
24339,1435993646640,254.0
24340,1435993646661,239.0
24341,1435993646685,239.0
24342,1435993646742,229.0
24343,1435993646743,229.0
24344,1435993646744,221.0
24345,1435993646764,215.0
24346,1435993646780,215.0
24347,1435993646799,217.0
24348,1435993646821,217.0
24349,1435993646841,235.0
24350,1435993646860,235.0
24351,1435993646885,231.0
24352,1435993646904,231.0
24353,1435993646920,210.0
24354,1435993646947,210.0
24355,1435993646962,195.0
24356,1435993646980,181.0
24357,1435993647004,181.0
24358,1435993647022,168.0
24359,1435993647041,168.0
24360,1435993647063,152.0
24361,1435993647082,152.0
24362,1435993647102,139.0
24363,1435993647124,139.0
24364,1435993647140,129.0
24365,1435993647159,129.0
24366,1435993647179,122.0
24367,1435993647199,119.0
24368,1435993647226,119.0
24369,1435993647245,122.0
24370,1435993647263,122.0
24371,1435993647279,122.0
24372,1435993647300,122.0
24373,1435993647320,119.0
24374,1435993647342,119.0
24375,1435993647407,121.0
24376,1435993647408,121.0
24377,1435993647409,137.0
24378,1435993647419,169.0
24379,1435993647438,169.0
24380,1435993647458,209.0
24381,1435993647479,209.0
24382,1435993647498,245.0
24383,1435993647518,245.0
24384,1435993647541,282.0
24385,1435993647563,282.0
24386,1435993647584,316.0
24387,1435993647604,316.0
24388,1435993647621,335.0
24389,1435993647644,319.0
24390,1435993647663,319.0
24391,1435993647683,288.0
24392,1435993647704,288.0
24393,1435993647722,270.0
24394,1435993647743,270.0
24395,1435993647763,265.0
24396,1435993647784,265.0
24397,1435993647803,249.0
24398,1435993647823,249.0
24399,1435993647844,245.0
24400,1435993647866,245.0
24401,1435993647883,245.0
24402,1435993647904,237.0
24403,1435993647924,237.0
24404,1435993647944,239.0
24405,1435993647966,239.0
24406,1435993647981,255.0
24407,1435993648029,255.0
24408,1435993648030,254.0
24409,1435993648043,254.0
24410,1435993648061,235.0
24411,1435993648083,217.0
24412,1435993648100,217.0
24413,1435993648123,204.0
24414,1435993648144,204.0
24415,1435993648160,193.0
24416,1435993648181,193.0
24417,1435993648205,180.0
24418,1435993648224,180.0
24419,1435993648241,168.0
24420,1435993648264,168.0
24421,1435993648283,157.0
24422,1435993648304,157.0
24423,1435993648325,147.0
24424,1435993648344,142.0
24425,1435993648364,142.0
24426,1435993648384,140.0
24427,1435993648402,140.0
24428,1435993648424,142.0
24429,1435993648443,142.0
24430,1435993648461,146.0
24431,1435993648481,146.0
24432,1435993648507,154.0
24433,1435993648527,154.0
24434,1435993648547,179.0
24435,1435993648564,213.0
24436,1435993648581,213.0
24437,1435993648601,253.0
24438,1435993648625,253.0
24439,1435993648644,292.0
24440,1435993648665,292.0
24441,1435993648729,314.0
24442,1435993648730,314.0
24443,1435993648731,324.0
24444,1435993648745,324.0
24445,1435993648762,337.0
24446,1435993648781,350.0
24447,1435993648805,350.0
24448,1435993648821,340.0
24449,1435993648843,340.0
24450,1435993648865,315.0
24451,1435993648884,315.0
24452,1435993648904,296.0
24453,1435993648922,296.0
24454,1435993648944,290.0
24455,1435993648964,290.0
24456,1435993648985,288.0
24457,1435993649004,289.0
24458,1435993649025,289.0
24459,1435993649046,293.0
24460,1435993649063,293.0
24461,1435993649084,291.0
24462,1435993649105,291.0
24463,1435993649125,299.0
24464,1435993649168,299.0
24465,1435993649169,325.0
24466,1435993649181,325.0
24467,1435993649205,338.0
24468,1435993649228,341.0
24469,1435993649245,341.0
24470,1435993649266,331.0
24471,1435993649286,331.0
24472,1435993649304,298.0
24473,1435993649326,298.0
24474,1435993649370,277.0
24475,1435993649371,277.0
24476,1435993649383,267.0
24477,1435993649402,267.0
24478,1435993649425,262.0
24479,1435993649443,259.0
24480,1435993649462,259.0
24481,1435993649482,270.0
24482,1435993649503,270.0
24483,1435993649525,306.0
24484,1435993649543,306.0
24485,1435993649565,356.0
24486,1435993649584,356.0
24487,1435993649604,397.0
24488,1435993649625,397.0
24489,1435993649646,398.0
24490,1435993649665,361.0
24491,1435993649685,361.0
24492,1435993649707,300.0
24493,1435993649745,300.0
24494,1435993649746,259.0
24495,1435993649764,259.0
24496,1435993649785,253.0
24497,1435993649804,253.0
24498,1435993649825,266.0
24499,1435993649846,266.0
24500,1435993649866,281.0
24501,1435993649887,295.0
24502,1435993649905,295.0
24503,1435993649925,309.0
24504,1435993649945,309.0
24505,1435993649972,309.0
24506,1435993650016,309.0
24507,1435993650017,292.0
24508,1435993650024,292.0
24509,1435993650044,279.0
24510,1435993650064,279.0
24511,1435993650081,273.0
24512,1435993650101,265.0
24513,1435993650124,265.0
24514,1435993650142,263.0
24515,1435993650162,263.0
24516,1435993650186,265.0
24517,1435993650206,265.0
24518,1435993650228,267.0
24519,1435993650244,267.0
24520,1435993650266,276.0
24521,1435993650285,276.0
24522,1435993650307,307.0
24523,1435993650326,348.0
24524,1435993650347,348.0
24525,1435993650367,341.0
24526,1435993650383,341.0
24527,1435993650406,305.0
24528,1435993650427,305.0
24529,1435993650472,274.0
24530,1435993650473,274.0
24531,1435993650486,253.0
24532,1435993650506,253.0
24533,1435993650525,238.0
24534,1435993650546,226.0
24535,1435993650575,226.0
24536,1435993650589,220.0
24537,1435993650629,220.0
24538,1435993650630,216.0
24539,1435993650668,216.0
24540,1435993650669,214.0
24541,1435993650681,214.0
24542,1435993650701,226.0
24543,1435993650722,226.0
24544,1435993650741,246.0
24545,1435993650761,237.0
24546,1435993650785,237.0
24547,1435993650805,204.0
24548,1435993650826,204.0
24549,1435993650847,182.0
24550,1435993650868,182.0
24551,1435993650886,175.0
24552,1435993650905,175.0
24553,1435993650926,189.0
24554,1435993650946,189.0
24555,1435993650967,216.0
24556,1435993650983,243.0
24557,1435993651006,243.0
24558,1435993651026,270.0
24559,1435993651044,270.0
24560,1435993651064,296.0
24561,1435993651089,296.0
24562,1435993651106,310.0
24563,1435993651126,310.0
24564,1435993651147,295.0
24565,1435993651163,295.0
24566,1435993651184,270.0
24567,1435993651205,253.0
24568,1435993651225,253.0
24569,1435993651291,249.0
24570,1435993651292,249.0
24571,1435993651293,243.0
24572,1435993651311,243.0
24573,1435993651331,241.0
24574,1435993651343,241.0
24575,1435993651364,241.0
24576,1435993651385,241.0
24577,1435993651407,237.0
24578,1435993651424,252.0
24579,1435993651447,252.0
24580,1435993651466,280.0
24581,1435993651487,280.0
24582,1435993651509,268.0
24583,1435993651529,268.0
24584,1435993651545,258.0
24585,1435993651569,258.0
24586,1435993651586,241.0
24587,1435993651607,241.0
24588,1435993651629,226.0
24589,1435993651645,211.0
24590,1435993651667,211.0
24591,1435993651689,204.0
24592,1435993651706,204.0
24593,1435993651726,200.0
24594,1435993651747,200.0
24595,1435993651767,202.0
24596,1435993651788,202.0
24597,1435993651807,209.0
24598,1435993651827,209.0
24599,1435993651847,215.0
24600,1435993651867,207.0
24601,1435993651887,207.0
24602,1435993651914,186.0
24603,1435993651959,186.0
24604,1435993651960,164.0
24605,1435993651963,164.0
24606,1435993651984,158.0
24607,1435993652005,158.0
24608,1435993652024,167.0
24609,1435993652048,167.0
24610,1435993652064,190.0
24611,1435993652086,190.0
24612,1435993652105,218.0
24613,1435993652123,236.0
24614,1435993652143,236.0
24615,1435993652166,254.0
24616,1435993652183,254.0
24617,1435993652203,274.0
24618,1435993652223,274.0
24619,1435993652243,286.0
24620,1435993652263,286.0
24621,1435993652284,268.0
24622,1435993652303,268.0
24623,1435993652323,242.0
24624,1435993652347,236.0
24625,1435993652375,236.0
24626,1435993652400,230.0
24627,1435993652406,230.0
24628,1435993652424,222.0
24629,1435993652443,222.0
24630,1435993652469,222.0
24631,1435993652488,222.0
24632,1435993652506,216.0
24633,1435993652528,216.0
24634,1435993652547,215.0
24635,1435993652569,229.0
24636,1435993652608,229.0
24637,1435993652609,249.0
24638,1435993652624,249.0
24639,1435993652645,240.0
24640,1435993652667,240.0
24641,1435993652684,220.0
24642,1435993652706,220.0
24643,1435993652724,200.0
24644,1435993652746,200.0
24645,1435993652768,182.0
24646,1435993652788,164.0
24647,1435993652808,164.0
24648,1435993652830,152.0
24649,1435993652848,152.0
24650,1435993652866,142.0
24651,1435993652889,142.0
24652,1435993652908,135.0
24653,1435993652929,135.0
24654,1435993652947,135.0
24655,1435993652970,135.0
24656,1435993652988,147.0
24657,1435993653008,175.0
24658,1435993653027,175.0
24659,1435993653048,211.0
24660,1435993653069,211.0
24661,1435993653089,241.0
24662,1435993653107,241.0
24663,1435993653128,256.0
24664,1435993653154,256.0
24665,1435993653170,243.0
24666,1435993653256,243.0
24667,1435993653257,216.0
24668,1435993653258,201.0
24669,1435993653259,201.0
24670,1435993653271,215.0
24671,1435993653284,215.0
24672,1435993653306,241.0
24673,1435993653325,241.0
24674,1435993653348,260.0
24675,1435993653367,260.0
24676,1435993653388,270.0
24677,1435993653407,270.0
24678,1435993653429,260.0
24679,1435993653448,239.0
24680,1435993653468,239.0
24681,1435993653489,228.0
24682,1435993653509,228.0
24683,1435993653528,222.0
24684,1435993653549,222.0
24685,1435993653568,208.0
24686,1435993653587,208.0
24687,1435993653609,203.0
24688,1435993653629,203.0
24689,1435993653654,202.0
24690,1435993653668,198.0
24691,1435993653686,198.0
24692,1435993653706,199.0
24693,1435993653727,199.0
24694,1435993653751,214.0
24695,1435993653766,214.0
24696,1435993653787,214.0
24697,1435993653811,214.0
24698,1435993653826,195.0
24699,1435993653848,195.0
24700,1435993653867,177.0
24701,1435993653911,154.0
24702,1435993653912,154.0
24703,1435993653932,135.0
24704,1435993653945,135.0
24705,1435993653969,122.0
24706,1435993653987,122.0
24707,1435993654006,110.0
24708,1435993654026,110.0
24709,1435993654049,98.0
24710,1435993654069,98.0
24711,1435993654090,87.0
24712,1435993654107,82.0
24713,1435993654129,82.0
24714,1435993654148,82.0
24715,1435993654169,82.0
24716,1435993654187,85.0
24717,1435993654210,85.0
24718,1435993654227,82.0
24719,1435993654261,82.0
24720,1435993654274,80.0
24721,1435993654291,80.0
24722,1435993654309,83.0
24723,1435993654330,97.0
24724,1435993654349,97.0
24725,1435993654369,133.0
24726,1435993654390,133.0
24727,1435993654407,186.0
24728,1435993654431,186.0
24729,1435993654451,227.0
24730,1435993654473,227.0
24731,1435993654490,249.0
24732,1435993654511,249.0
24733,1435993654559,266.0
24734,1435993654560,266.0
24735,1435993654571,266.0
24736,1435993654596,242.0
24737,1435993654605,242.0
24738,1435993654626,214.0
24739,1435993654645,214.0
24740,1435993654665,204.0
24741,1435993654686,204.0
24742,1435993654705,189.0
24743,1435993654725,189.0
24744,1435993654746,179.0
24745,1435993654769,169.0
24746,1435993654790,169.0
24747,1435993654809,162.0
24748,1435993654827,162.0
24749,1435993654849,162.0
24750,1435993654870,162.0
24751,1435993654891,177.0
24752,1435993654908,177.0
24753,1435993654930,177.0
24754,1435993654947,177.0
24755,1435993654967,165.0
24756,1435993655040,152.0
24757,1435993655041,152.0
24758,1435993655042,134.0
24759,1435993655052,134.0
24760,1435993655067,122.0
24761,1435993655088,122.0
24762,1435993655107,111.0
24763,1435993655127,111.0
24764,1435993655228,99.0
24765,1435993655229,99.0
24766,1435993655230,90.0
24767,1435993655231,86.0
24768,1435993655232,86.0
24769,1435993655247,85.0
24770,1435993655266,85.0
24771,1435993655287,87.0
24772,1435993655306,87.0
24773,1435993655327,87.0
24774,1435993655351,87.0
24775,1435993655370,85.0
24776,1435993655390,85.0
24777,1435993655411,87.0
24778,1435993655430,98.0
24779,1435993655450,98.0
24780,1435993655471,127.0
24781,1435993655491,127.0
24782,1435993655510,178.0
24783,1435993655532,178.0
24784,1435993655551,231.0
24785,1435993655571,231.0
24786,1435993655589,267.0
24787,1435993655608,267.0
24788,1435993655628,288.0
24789,1435993655656,287.0
24790,1435993655678,287.0
24791,1435993655695,269.0
24792,1435993655709,269.0
24793,1435993655728,252.0
24794,1435993655748,252.0
24795,1435993655769,250.0
24796,1435993655798,250.0
24797,1435993655852,234.0
24798,1435993655853,234.0
24799,1435993655854,215.0
24800,1435993655866,215.0
24801,1435993655889,207.0
24802,1435993655907,196.0
24803,1435993655929,196.0
24804,1435993655950,184.0
24805,1435993655970,184.0
24806,1435993655988,179.0
24807,1435993656012,179.0
24808,1435993656032,184.0
24809,1435993656052,184.0
24810,1435993656074,181.0
24811,1435993656091,181.0
24812,1435993656111,182.0
24813,1435993656133,179.0
24814,1435993656151,179.0
24815,1435993656177,161.0
24816,1435993656197,161.0
24817,1435993656212,143.0
24818,1435993656227,143.0
24819,1435993656250,128.0
24820,1435993656267,128.0
24821,1435993656291,114.0
24822,1435993656310,114.0
24823,1435993656331,102.0
24824,1435993656351,92.0
24825,1435993656372,92.0
24826,1435993656389,88.0
24827,1435993656410,88.0
24828,1435993656431,95.0
24829,1435993656451,95.0
24830,1435993656470,100.0
24831,1435993656525,100.0
24832,1435993656526,103.0
24833,1435993656539,103.0
24834,1435993656555,112.0
24835,1435993656567,127.0
24836,1435993656588,127.0
24837,1435993656611,154.0
24838,1435993656628,154.0
24839,1435993656649,194.0
24840,1435993656675,194.0
24841,1435993656690,244.0
24842,1435993656710,244.0
24843,1435993656730,281.0
24844,1435993656749,281.0
24845,1435993656769,301.0
24846,1435993656792,308.0
24847,1435993656810,308.0
24848,1435993656832,294.0
24849,1435993656852,294.0
24850,1435993656876,268.0
24851,1435993656892,268.0
24852,1435993656910,253.0
24853,1435993656932,253.0
24854,1435993656952,238.0
24855,1435993656972,238.0
24856,1435993656991,228.0
24857,1435993657011,222.0
24858,1435993657032,222.0
24859,1435993657052,216.0
24860,1435993657071,216.0
24861,1435993657093,215.0
24862,1435993657110,215.0
24863,1435993657138,220.0
24864,1435993657212,220.0
24865,1435993657213,232.0
24866,1435993657214,232.0
24867,1435993657215,215.0
24868,1435993657228,213.0
24869,1435993657248,213.0
24870,1435993657270,202.0
24871,1435993657288,202.0
24872,1435993657308,191.0
24873,1435993657335,191.0
24874,1435993657352,181.0
24875,1435993657370,181.0
24876,1435993657395,173.0
24877,1435993657411,173.0
24878,1435993657430,167.0
24879,1435993657454,164.0
24880,1435993657472,164.0
24881,1435993657492,158.0
24882,1435993657516,158.0
24883,1435993657531,143.0
24884,1435993657553,143.0
24885,1435993657574,124.0
24886,1435993657604,124.0
24887,1435993657611,107.0
24888,1435993657629,107.0
24889,1435993657648,93.0
24890,1435993657671,92.0
24891,1435993657691,92.0
24892,1435993657709,99.0
24893,1435993657733,99.0
24894,1435993657752,114.0
24895,1435993657770,114.0
24896,1435993657830,144.0
24897,1435993657831,144.0
24898,1435993657832,195.0
24899,1435993657849,195.0
24900,1435993657869,245.0
24901,1435993657889,279.0
24902,1435993657914,279.0
24903,1435993657931,293.0
24904,1435993657951,293.0
24905,1435993657973,280.0
24906,1435993658013,280.0
24907,1435993658014,254.0
24908,1435993658035,254.0
24909,1435993658055,228.0
24910,1435993658072,228.0
24911,1435993658093,215.0
24912,1435993658112,197.0
24913,1435993658133,197.0
24914,1435993658154,186.0
24915,1435993658174,186.0
24916,1435993658195,176.0
24917,1435993658219,176.0
24918,1435993658256,172.0
24919,1435993658257,172.0
24920,1435993658269,171.0
24921,1435993658291,171.0
24922,1435993658316,174.0
24923,1435993658330,204.0
24924,1435993658379,204.0
24925,1435993658380,239.0
24926,1435993658389,239.0
24927,1435993658411,196.0
24928,1435993658433,196.0
24929,1435993658449,171.0
24930,1435993658471,171.0
24931,1435993658489,168.0
24932,1435993658509,168.0
24933,1435993658531,159.0
24934,1435993658549,151.0
24935,1435993658569,151.0
24936,1435993658590,139.0
24937,1435993658609,139.0
24938,1435993658629,128.0
24939,1435993658650,128.0
24940,1435993658669,118.0
24941,1435993658689,118.0
24942,1435993658710,107.0
24943,1435993658729,107.0
24944,1435993658749,91.0
24945,1435993658773,78.0
24946,1435993658794,78.0
24947,1435993658812,72.0
24948,1435993658836,72.0
24949,1435993658855,74.0
24950,1435993658874,74.0
24951,1435993658892,88.0
24952,1435993658913,88.0
24953,1435993658934,118.0
24954,1435993658955,118.0
24955,1435993658974,164.0
24956,1435993659001,216.0
24957,1435993659048,216.0
24958,1435993659049,249.0
24959,1435993659060,249.0
24960,1435993659080,266.0
24961,1435993659093,266.0
24962,1435993659112,253.0
24963,1435993659133,253.0
24964,1435993659151,221.0
24965,1435993659172,221.0
24966,1435993659195,196.0
24967,1435993659214,180.0
24968,1435993659234,180.0
24969,1435993659252,167.0
24970,1435993659274,167.0
24971,1435993659295,159.0
24972,1435993659315,159.0
24973,1435993659334,150.0
24974,1435993659354,150.0
24975,1435993659375,143.0
24976,1435993659394,143.0
24977,1435993659412,138.0
24978,1435993659436,146.0
24979,1435993659452,146.0
24980,1435993659473,147.0
24981,1435993659497,147.0
24982,1435993659517,137.0
24983,1435993659539,137.0
24984,1435993659557,129.0
24985,1435993659575,129.0
24986,1435993659592,120.0
24987,1435993659616,120.0
24988,1435993659632,108.0
24989,1435993659654,95.0
24990,1435993659674,95.0
24991,1435993659740,84.0
24992,1435993659741,84.0
24993,1435993659742,78.0
24994,1435993659750,78.0
24995,1435993659771,75.0
24996,1435993659791,75.0
24997,1435993659810,73.0
24998,1435993659832,73.0
24999,1435993659852,72.0
25000,1435993659872,72.0
25001,1435993659894,69.0
25002,1435993659916,64.0
25003,1435993659935,64.0
25004,1435993659952,64.0
25005,1435993659975,64.0
25006,1435993659996,72.0
25007,1435993660015,72.0
25008,1435993660036,98.0
25009,1435993660055,98.0
25010,1435993660077,138.0
25011,1435993660093,138.0
25012,1435993660114,190.0
25013,1435993660136,236.0
25014,1435993660156,236.0
25015,1435993660177,266.0
25016,1435993660195,266.0
25017,1435993660216,272.0
25018,1435993660235,272.0
25019,1435993660255,248.0
25020,1435993660277,248.0
25021,1435993660297,213.0
25022,1435993660317,213.0
25023,1435993660336,202.0
25024,1435993660355,190.0
25025,1435993660398,190.0
25026,1435993660399,171.0
25027,1435993660411,171.0
25028,1435993660434,162.0
25029,1435993660453,162.0
25030,1435993660475,153.0
25031,1435993660494,153.0
25032,1435993660515,146.0
25033,1435993660534,146.0
25034,1435993660554,143.0
25035,1435993660595,153.0
25036,1435993660596,153.0
25037,1435993660612,156.0
25038,1435993660635,156.0
25039,1435993660664,144.0
25040,1435993660675,144.0
25041,1435993660696,130.0
25042,1435993660715,130.0
25043,1435993660732,118.0
25044,1435993660755,118.0
25045,1435993660772,103.0
25046,1435993660791,86.0
25047,1435993660817,86.0
25048,1435993660837,73.0
25049,1435993660854,73.0
25050,1435993660875,67.0
25051,1435993660896,67.0
25052,1435993660915,62.0
25053,1435993660936,62.0
25054,1435993660955,60.0
25055,1435993660975,60.0
25056,1435993660995,62.0
25057,1435993661026,65.0
25058,1435993661065,65.0
25059,1435993661066,66.0
25060,1435993661077,66.0
25061,1435993661094,68.0
25062,1435993661113,68.0
25063,1435993661134,75.0
25064,1435993661156,75.0
25065,1435993661175,102.0
25066,1435993661194,102.0
25067,1435993661216,148.0
25068,1435993661237,201.0
25069,1435993661255,201.0
25070,1435993661274,244.0
25071,1435993661297,244.0
25072,1435993661316,274.0
25073,1435993661336,274.0
25074,1435993661357,270.0
25075,1435993661376,270.0
25076,1435993661396,238.0
25077,1435993661416,238.0
25078,1435993661435,207.0
25079,1435993661456,190.0
25080,1435993661475,190.0
25081,1435993661494,188.0
25082,1435993661514,188.0
25083,1435993661539,174.0
25084,1435993661554,174.0
25085,1435993661579,172.0
25086,1435993661597,172.0
25087,1435993661614,171.0
25088,1435993661634,171.0
25089,1435993661655,169.0
25090,1435993661676,173.0
25091,1435993661695,173.0
25092,1435993661737,169.0
25093,1435993661746,169.0
25094,1435993661764,154.0
25095,1435993661776,154.0
25096,1435993661794,138.0
25097,1435993661816,138.0
25098,1435993661835,124.0
25099,1435993661854,124.0
25100,1435993661876,109.0
25101,1435993661899,93.0
25102,1435993661916,93.0
25103,1435993661940,80.0
25104,1435993661958,80.0
25105,1435993661977,71.0
25106,1435993661997,71.0
25107,1435993662018,67.0
25108,1435993662037,67.0
25109,1435993662057,64.0
25110,1435993662078,64.0
25111,1435993662094,63.0
25112,1435993662116,65.0
25113,1435993662135,65.0
25114,1435993662154,65.0
25115,1435993662175,65.0
25116,1435993662197,62.0
25117,1435993662216,62.0
25118,1435993662266,60.0
25119,1435993662267,60.0
25120,1435993662278,64.0
25121,1435993662293,64.0
25122,1435993662313,86.0
25123,1435993662332,131.0
25124,1435993662353,131.0
25125,1435993662376,187.0
25126,1435993662393,187.0
25127,1435993662413,235.0
25128,1435993662434,235.0
25129,1435993662452,263.0
25130,1435993662472,263.0
25131,1435993662493,260.0
25132,1435993662513,260.0
25133,1435993662533,233.0
25134,1435993662555,202.0
25135,1435993662575,202.0
25136,1435993662594,187.0
25137,1435993662614,187.0
25138,1435993662634,167.0
25139,1435993662654,167.0
25140,1435993662694,153.0
25141,1435993662695,153.0
25142,1435993662717,148.0
25143,1435993662737,148.0
25144,1435993662758,144.0
25145,1435993662777,140.0
25146,1435993662797,140.0
25147,1435993662824,139.0
25148,1435993662836,139.0
25149,1435993662855,145.0
25150,1435993662875,145.0
25151,1435993662893,136.0
25152,1435993662916,136.0
25153,1435993662951,123.0
25154,1435993662956,123.0
25155,1435993662974,107.0
25156,1435993662993,93.0
25157,1435993663016,93.0
25158,1435993663037,78.0
25159,1435993663056,78.0
25160,1435993663075,64.0
25161,1435993663100,64.0
25162,1435993663117,55.0
25163,1435993663137,55.0
25164,1435993663158,50.0
25165,1435993663178,50.0
25166,1435993663197,46.0
25167,1435993663218,44.0
25168,1435993663241,44.0
25169,1435993663258,46.0
25170,1435993663277,46.0
25171,1435993663299,47.0
25172,1435993663316,47.0
25173,1435993663339,48.0
25174,1435993663357,48.0
25175,1435993663377,48.0
25176,1435993663406,48.0
25177,1435993663422,54.0
25178,1435993663435,80.0
25179,1435993663456,80.0
25180,1435993663475,135.0
25181,1435993663495,135.0
25182,1435993663517,201.0
25183,1435993663537,201.0
25184,1435993663557,258.0
25185,1435993663616,258.0
25186,1435993663617,291.0
25187,1435993663618,291.0
25188,1435993663635,297.0
25189,1435993663655,297.0
25190,1435993663676,274.0
25191,1435993663697,237.0
25192,1435993663716,237.0
25193,1435993663736,208.0
25194,1435993663759,208.0
25195,1435993663778,199.0
25196,1435993663798,199.0
25197,1435993663852,181.0
25198,1435993663855,181.0
25199,1435993663856,168.0
25200,1435993663877,168.0
25201,1435993663895,154.0
25202,1435993663920,145.0
25203,1435993663938,145.0
25204,1435993663957,145.0
25205,1435993663976,145.0
25206,1435993664000,146.0
25207,1435993664020,146.0
25208,1435993664040,132.0
25209,1435993664061,132.0
25210,1435993664085,115.0
25211,1435993664098,115.0
25212,1435993664119,103.0
25213,1435993664141,92.0
25214,1435993664161,92.0
25215,1435993664184,79.0
25216,1435993664196,79.0
25217,1435993664265,66.0
25218,1435993664266,66.0
25219,1435993664268,56.0
25220,1435993664282,56.0
25221,1435993664298,50.0
25222,1435993664316,50.0
25223,1435993664337,47.0
25224,1435993664361,45.0
25225,1435993664376,45.0
25226,1435993664407,45.0
25227,1435993664419,45.0
25228,1435993664436,46.0
25229,1435993664456,46.0
25230,1435993664478,45.0
25231,1435993664496,45.0
25232,1435993664517,44.0
25233,1435993664540,44.0
25234,1435993664559,47.0
25235,1435993664579,67.0
25236,1435993664599,67.0
25237,1435993664618,118.0
25238,1435993664639,118.0
25239,1435993664660,198.0
25240,1435993664679,198.0
25241,1435993664699,266.0
25242,1435993664720,266.0
25243,1435993664740,316.0
25244,1435993664760,316.0
25245,1435993664780,336.0
25246,1435993664799,305.0
25247,1435993664819,305.0
25248,1435993664838,261.0
25249,1435993664859,261.0
25250,1435993664882,237.0
25251,1435993664950,237.0
25252,1435993664951,224.0
25253,1435993664952,224.0
25254,1435993664956,191.0
25255,1435993664975,191.0
25256,1435993664995,169.0
25257,1435993665016,153.0
25258,1435993665036,153.0
25259,1435993665060,149.0
25260,1435993665080,149.0
25261,1435993665099,147.0
25262,1435993665118,147.0
25263,1435993665140,152.0
25264,1435993665160,152.0
25265,1435993665180,146.0
25266,1435993665202,146.0
25267,1435993665218,130.0
25268,1435993665244,116.0
25269,1435993665266,116.0
25270,1435993665279,100.0
25271,1435993665299,100.0
25272,1435993665325,83.0
25273,1435993665340,83.0
25274,1435993665359,65.0
25275,1435993665378,65.0
25276,1435993665400,52.0
25277,1435993665423,52.0
25278,1435993665438,45.0
25279,1435993665459,42.0
25280,1435993665477,42.0
25281,1435993665498,41.0
25282,1435993665520,41.0
25283,1435993665567,43.0
25284,1435993665568,43.0
25285,1435993665580,45.0
25286,1435993665599,45.0
25287,1435993665617,46.0
25288,1435993665638,46.0
25289,1435993665656,47.0
25290,1435993665680,57.0
25291,1435993665697,57.0
25292,1435993665719,95.0
25293,1435993665742,95.0
25294,1435993665761,170.0
25295,1435993665780,170.0
25296,1435993665800,259.0
25297,1435993665820,259.0
25298,1435993665840,328.0
25299,1435993665861,328.0
25300,1435993665880,363.0
25301,1435993665900,363.0
25302,1435993665921,363.0
25303,1435993665944,331.0
25304,1435993665962,331.0
25305,1435993665981,291.0
25306,1435993665998,291.0
25307,1435993666018,268.0
25308,1435993666039,268.0
25309,1435993666059,232.0
25310,1435993666078,232.0
25311,1435993666101,204.0
25312,1435993666124,186.0
25313,1435993666143,186.0
25314,1435993666163,175.0
25315,1435993666181,175.0
25316,1435993666251,168.0
25317,1435993666252,168.0
25318,1435993666253,165.0
25319,1435993666260,165.0
25320,1435993666279,166.0
25321,1435993666297,166.0
25322,1435993666325,147.0
25323,1435993666339,126.0
25324,1435993666358,126.0
25325,1435993666381,107.0
25326,1435993666404,107.0
25327,1435993666420,86.0
25328,1435993666438,86.0
25329,1435993666459,67.0
25330,1435993666478,67.0
25331,1435993666498,53.0
25332,1435993666519,53.0
25333,1435993666540,45.0
25334,1435993666561,41.0
25335,1435993666581,41.0
25336,1435993666599,41.0
25337,1435993666622,41.0
25338,1435993666640,43.0
25339,1435993666661,43.0
25340,1435993666679,47.0
25341,1435993666702,47.0
25342,1435993666722,48.0
25343,1435993666743,48.0
25344,1435993666762,49.0
25345,1435993666781,56.0
25346,1435993666800,56.0
25347,1435993666822,86.0
25348,1435993666849,86.0
25349,1435993666902,161.0
25350,1435993666903,161.0
25351,1435993666904,272.0
25352,1435993666918,272.0
25353,1435993666938,362.0
25354,1435993666957,362.0
25355,1435993666977,426.0
25356,1435993666998,464.0
25357,1435993667017,464.0
25358,1435993667040,446.0
25359,1435993667062,446.0
25360,1435993667082,405.0
25361,1435993667101,405.0
25362,1435993667121,371.0
25363,1435993667140,371.0
25364,1435993667162,355.0
25365,1435993667186,355.0
25366,1435993667204,327.0
25367,1435993667220,318.0
25368,1435993667243,318.0
25369,1435993667264,313.0
25370,1435993667284,313.0
25371,1435993667301,287.0
25372,1435993667322,287.0
25373,1435993667342,271.0
25374,1435993667365,271.0
25375,1435993667380,257.0
25376,1435993667402,257.0
25377,1435993667429,224.0
25378,1435993667445,186.0
25379,1435993667460,186.0
25380,1435993667525,151.0
25381,1435993667526,151.0
25382,1435993667527,119.0
25383,1435993667540,119.0
25384,1435993667560,93.0
25385,1435993667579,93.0
25386,1435993667604,70.0
25387,1435993667619,70.0
25388,1435993667640,54.0
25389,1435993667661,54.0
25390,1435993667683,46.0
25391,1435993667702,43.0
25392,1435993667722,43.0
25393,1435993667740,44.0
25394,1435993667762,44.0
25395,1435993667783,48.0
25396,1435993667802,48.0
25397,1435993667822,51.0
25398,1435993667843,51.0
25399,1435993667864,53.0
25400,1435993667881,53.0
25401,1435993667904,56.0
25402,1435993667926,76.0
25403,1435993667967,76.0
25404,1435993667968,133.0
25405,1435993667979,133.0
25406,1435993667998,254.0
25407,1435993668019,254.0
25408,1435993668038,419.0
25409,1435993668058,419.0
25410,1435993668082,524.0
25411,1435993668103,524.0
25412,1435993668121,576.0
25413,1435993668144,585.0
25414,1435993668191,585.0
25415,1435993668192,546.0
25416,1435993668205,546.0
25417,1435993668220,475.0
25418,1435993668239,475.0
25419,1435993668259,419.0
25420,1435993668280,419.0
25421,1435993668302,399.0
25422,1435993668321,399.0
25423,1435993668339,361.0
25424,1435993668359,345.0
25425,1435993668399,345.0
25426,1435993668400,329.0
25427,1435993668419,329.0
25428,1435993668440,312.0
25429,1435993668458,312.0
25430,1435993668478,303.0
25431,1435993668500,303.0
25432,1435993668519,276.0
25433,1435993668539,276.0
25434,1435993668560,230.0
25435,1435993668579,191.0
25436,1435993668600,191.0
25437,1435993668622,157.0
25438,1435993668643,157.0
25439,1435993668666,128.0
25440,1435993668687,128.0
25441,1435993668703,102.0
25442,1435993668720,102.0
25443,1435993668742,80.0
25444,1435993668760,80.0
25445,1435993668784,63.0
25446,1435993668842,56.0
25447,1435993668843,56.0
25448,1435993668844,54.0
25449,1435993668861,54.0
25450,1435993668881,55.0
25451,1435993668899,55.0
25452,1435993668920,58.0
25453,1435993668939,58.0
25454,1435993668962,62.0
25455,1435993668980,62.0
25456,1435993669003,63.0
25457,1435993669023,67.0
25458,1435993669049,67.0
25459,1435993669064,95.0
25460,1435993669084,95.0
25461,1435993669105,160.0
25462,1435993669123,160.0
25463,1435993669143,286.0
25464,1435993669165,286.0
25465,1435993669183,460.0
25466,1435993669204,460.0
25467,1435993669224,594.0
25468,1435993669244,673.0
25469,1435993669264,673.0
25470,1435993669284,687.0
25471,1435993669304,687.0
25472,1435993669323,638.0
25473,1435993669343,638.0
25474,1435993669364,573.0
25475,1435993669384,573.0
25476,1435993669405,539.0
25477,1435993669424,539.0
25478,1435993669445,484.0
25479,1435993669466,440.0
25480,1435993669524,440.0
25481,1435993669525,435.0
25482,1435993669526,435.0
25483,1435993669540,411.0
25484,1435993669565,411.0
25485,1435993669584,380.0
25486,1435993669601,380.0
25487,1435993669621,353.0
25488,1435993669647,353.0
25489,1435993669665,315.0
25490,1435993669684,268.0
25491,1435993669707,268.0
25492,1435993669722,224.0
25493,1435993669744,224.0
25494,1435993669767,188.0
25495,1435993669786,188.0
25496,1435993669802,156.0
25497,1435993669824,156.0
25498,1435993669842,125.0
25499,1435993669864,125.0
25500,1435993669886,97.0
25501,1435993669904,74.0
25502,1435993669923,74.0
25503,1435993669944,65.0
25504,1435993669966,65.0
25505,1435993669986,62.0
25506,1435993670006,62.0
25507,1435993670024,63.0
25508,1435993670045,63.0
25509,1435993670065,67.0
25510,1435993670084,67.0
25511,1435993670103,71.0
25512,1435993670169,72.0
25513,1435993670170,72.0
25514,1435993670171,78.0
25515,1435993670192,78.0
25516,1435993670203,123.0
25517,1435993670225,123.0
25518,1435993670244,218.0
25519,1435993670262,218.0
25520,1435993670282,369.0
25521,1435993670306,369.0
25522,1435993670323,552.0
25523,1435993670345,695.0
25524,1435993670364,695.0
25525,1435993670384,792.0
25526,1435993670405,792.0
25527,1435993670470,807.0
25528,1435993670471,807.0
25529,1435993670472,742.0
25530,1435993670481,742.0
25531,1435993670501,662.0
25532,1435993670520,662.0
25533,1435993670544,619.0
25534,1435993670563,581.0
25535,1435993670581,581.0
25536,1435993670603,546.0
25537,1435993670624,546.0
25538,1435993670645,533.0
25539,1435993670693,533.0
25540,1435993670694,499.0
25541,1435993670704,499.0
25542,1435993670725,457.0
25543,1435993670744,457.0
25544,1435993670764,418.0
25545,1435993670785,370.0
25546,1435993670831,370.0
25547,1435993670832,319.0
25548,1435993670844,319.0
25549,1435993670862,267.0
25550,1435993670885,267.0
25551,1435993670904,225.0
25552,1435993670925,225.0
25553,1435993670943,188.0
25554,1435993670968,188.0
25555,1435993670985,155.0
25556,1435993671005,125.0
25557,1435993671026,125.0
25558,1435993671043,95.0
25559,1435993671065,95.0
25560,1435993671086,79.0
25561,1435993671105,79.0
25562,1435993671125,72.0
25563,1435993671145,72.0
25564,1435993671165,70.0
25565,1435993671186,70.0
25566,1435993671207,73.0
25567,1435993671226,77.0
25568,1435993671246,77.0
25569,1435993671266,79.0
25570,1435993671286,79.0
25571,1435993671305,86.0
25572,1435993671326,86.0
25573,1435993671346,128.0
25574,1435993671365,128.0
25575,1435993671387,235.0
25576,1435993671405,235.0
25577,1435993671435,404.0
25578,1435993671509,613.0
25579,1435993671510,613.0
25580,1435993671511,807.0
25581,1435993671512,807.0
25582,1435993671522,934.0
25583,1435993671542,934.0
25584,1435993671564,964.0
25585,1435993671584,964.0
25586,1435993671603,910.0
25587,1435993671627,910.0
25588,1435993671646,863.0
25589,1435993671666,825.0
25590,1435993671704,825.0
25591,1435993671705,769.0
25592,1435993671741,769.0
25593,1435993671746,711.0
25594,1435993671762,711.0
25595,1435993671782,691.0
25596,1435993671802,691.0
25597,1435993671822,656.0
25598,1435993671842,656.0
25599,1435993671863,604.0
25600,1435993671882,604.0
25601,1435993671902,537.0
25602,1435993671926,461.0
25603,1435993671946,461.0
25604,1435993671966,392.0
25605,1435993671986,392.0
25606,1435993672006,330.0
25607,1435993672026,330.0
25608,1435993672052,285.0
25609,1435993672066,285.0
25610,1435993672091,248.0
25611,1435993672158,248.0
25612,1435993672159,210.0
25613,1435993672160,172.0
25614,1435993672168,172.0
25615,1435993672183,136.0
25616,1435993672204,136.0
25617,1435993672224,106.0
25618,1435993672245,106.0
25619,1435993672262,86.0
25620,1435993672286,86.0
25621,1435993672306,74.0
25622,1435993672331,74.0
25623,1435993672348,73.0
25624,1435993672365,82.0
25625,1435993672384,82.0
25626,1435993672405,90.0
25627,1435993672426,90.0
25628,1435993672445,104.0
25629,1435993672466,104.0
25630,1435993672488,168.0
25631,1435993672505,168.0
25632,1435993672527,316.0
25633,1435993672551,316.0
25634,1435993672565,517.0
25635,1435993672585,737.0
25636,1435993672610,737.0
25637,1435993672626,945.0
25638,1435993672645,945.0
25639,1435993672665,1099.0
25640,1435993672688,1099.0
25641,1435993672708,1170.0
25642,1435993672726,1170.0
25643,1435993672750,1153.0
25644,1435993672769,1153.0
25645,1435993672821,1106.0
25646,1435993672822,1075.0
25647,1435993672833,1075.0
25648,1435993672846,1040.0
25649,1435993672864,1040.0
25650,1435993672884,985.0
25651,1435993672903,985.0
25652,1435993672926,941.0
25653,1435993672948,941.0
25654,1435993672968,913.0
25655,1435993672988,913.0
25656,1435993673009,847.0
25657,1435993673028,754.0
25658,1435993673047,754.0
25659,1435993673070,667.0
25660,1435993673087,667.0
25661,1435993673107,576.0
25662,1435993673130,576.0
25663,1435993673147,510.0
25664,1435993673184,510.0
25665,1435993673187,449.0
25666,1435993673205,449.0
25667,1435993673228,399.0
25668,1435993673246,362.0
25669,1435993673266,362.0
25670,1435993673286,319.0
25671,1435993673311,319.0
25672,1435993673327,274.0
25673,1435993673344,274.0
25674,1435993673365,221.0
25675,1435993673388,221.0
25676,1435993673431,162.0
25677,1435993673432,162.0
25678,1435993673443,123.0
25679,1435993673463,105.0
25680,1435993673484,105.0
25681,1435993673504,109.0
25682,1435993673528,109.0
25683,1435993673547,123.0
25684,1435993673565,123.0
25685,1435993673588,136.0
25686,1435993673609,136.0
25687,1435993673628,163.0
25688,1435993673646,163.0
25689,1435993673669,247.0
25690,1435993673688,433.0
25691,1435993673708,433.0
25692,1435993673729,665.0
25693,1435993673748,665.0
25694,1435993673768,906.0
25695,1435993673787,906.0
25696,1435993673812,1133.0
25697,1435993673827,1133.0
25698,1435993673846,1311.0
25699,1435993673865,1311.0
25700,1435993673885,1417.0
25701,1435993673906,1435.0
25702,1435993673930,1435.0
25703,1435993673951,1409.0
25704,1435993673969,1409.0
25705,1435993673986,1390.0
25706,1435993674006,1390.0
25707,1435993674027,1355.0
25708,1435993674046,1355.0
25709,1435993674109,1294.0
25710,1435993674110,1294.0
25711,1435993674111,1275.0
25712,1435993674124,1228.0
25713,1435993674145,1228.0
25714,1435993674166,1149.0
25715,1435993674187,1149.0
25716,1435993674206,1030.0
25717,1435993674225,1030.0
25718,1435993674246,857.0
25719,1435993674269,857.0
25720,1435993674287,738.0
25721,1435993674312,738.0
25722,1435993674328,723.0
25723,1435993674346,730.0
25724,1435993674366,730.0
25725,1435993674388,743.0
25726,1435993674406,743.0
25727,1435993674429,722.0
25728,1435993674457,722.0
25729,1435993674534,692.0
25730,1435993674535,692.0
25731,1435993674536,661.0
25732,1435993674537,661.0
25733,1435993674545,600.0
25734,1435993674568,540.0
25735,1435993674587,540.0
25736,1435993674607,571.0
25737,1435993674630,571.0
25738,1435993674649,705.0
25739,1435993674668,705.0
25740,1435993674688,839.0
25741,1435993674716,839.0
25742,1435993674769,857.0
25743,1435993674770,857.0
25744,1435993674771,809.0
25745,1435993674786,791.0
25746,1435993674806,791.0
25747,1435993674825,907.0
25748,1435993674845,907.0
25749,1435993674866,1090.0
25750,1435993674885,1090.0
25751,1435993674905,1238.0
25752,1435993674930,1238.0
25753,1435993674949,1340.0
25754,1435993674969,1340.0
25755,1435993674989,1447.0
25756,1435993675009,1501.0
25757,1435993675029,1501.0
25758,1435993675050,1515.0
25759,1435993675071,1515.0
25760,1435993675088,1524.0
25761,1435993675110,1524.0
25762,1435993675128,1570.0
25763,1435993675147,1570.0
25764,1435993675168,1627.0
25765,1435993675194,1627.0
25766,1435993675208,1579.0
25767,1435993675236,1572.0
25768,1435993675253,1572.0
25769,1435993675270,1530.0
25770,1435993675288,1530.0
25771,1435993675315,1405.0
25772,1435993675338,1405.0
25773,1435993675373,1266.0
25774,1435993675374,1266.0
25775,1435993675386,972.0
25776,1435993675407,972.0
25777,1435993675426,910.0
25778,1435993675448,1057.0
25779,1435993675470,1057.0
25780,1435993675487,1259.0
25781,1435993675511,1259.0
25782,1435993675530,1276.0
25783,1435993675550,1276.0
25784,1435993675570,1204.0
25785,1435993675591,1204.0
25786,1435993675610,1137.0
25787,1435993675630,1137.0
25788,1435993675651,1095.0
25789,1435993675670,1024.0
25790,1435993675691,1024.0
25791,1435993675715,876.0
25792,1435993675730,876.0
25793,1435993675750,677.0
25794,1435993675771,677.0
25795,1435993675790,452.0
25796,1435993675808,452.0
25797,1435993675835,300.0
25798,1435993675850,300.0
25799,1435993675870,216.0
25800,1435993675888,175.0
25801,1435993675907,175.0
25802,1435993675928,186.0
25803,1435993675949,186.0
25804,1435993675976,279.0
25805,1435993676020,279.0
25806,1435993676021,548.0
25807,1435993676026,548.0
25808,1435993676046,851.0
25809,1435993676067,851.0
25810,1435993676088,1056.0
25811,1435993676106,1056.0
25812,1435993676130,1230.0
25813,1435993676150,1418.0
25814,1435993676170,1418.0
25815,1435993676191,1485.0
25816,1435993676208,1485.0
25817,1435993676231,1446.0
25818,1435993676249,1446.0
25819,1435993676270,1454.0
25820,1435993676288,1454.0
25821,1435993676310,1514.0
25822,1435993676328,1514.0
25823,1435993676349,1449.0
25824,1435993676368,1407.0
25825,1435993676388,1407.0
25826,1435993676408,1389.0
25827,1435993676431,1389.0
25828,1435993676449,1310.0
25829,1435993676471,1310.0
25830,1435993676491,1223.0
25831,1435993676512,1223.0
25832,1435993676530,1011.0
25833,1435993676551,1011.0
25834,1435993676568,778.0
25835,1435993676589,805.0
25836,1435993676621,805.0
25837,1435993676669,855.0
25838,1435993676670,855.0
25839,1435993676671,846.0
25840,1435993676687,846.0
25841,1435993676706,805.0
25842,1435993676729,805.0
25843,1435993676749,762.0
25844,1435993676768,762.0
25845,1435993676790,712.0
25846,1435993676810,628.0
25847,1435993676833,628.0
25848,1435993676849,496.0
25849,1435993676869,496.0
25850,1435993676888,337.0
25851,1435993676909,337.0
25852,1435993676930,204.0
25853,1435993676951,204.0
25854,1435993676972,151.0
25855,1435993676991,151.0
25856,1435993677010,143.0
25857,1435993677032,142.0
25858,1435993677051,142.0
25859,1435993677071,150.0
25860,1435993677092,150.0
25861,1435993677110,196.0
25862,1435993677129,196.0
25863,1435993677150,379.0
25864,1435993677169,379.0
25865,1435993677191,693.0
25866,1435993677212,693.0
25867,1435993677231,956.0
25868,1435993677249,1112.0
25869,1435993677271,1112.0
25870,1435993677300,1244.0
25871,1435993677332,1244.0
25872,1435993677333,1343.0
25873,1435993677347,1343.0
25874,1435993677367,1366.0
25875,1435993677388,1366.0
25876,1435993677408,1353.0
25877,1435993677430,1353.0
25878,1435993677452,1352.0
25879,1435993677485,1274.0
25880,1435993677490,1274.0
25881,1435993677513,1212.0
25882,1435993677530,1212.0
25883,1435993677552,1191.0
25884,1435993677572,1191.0
25885,1435993677590,1156.0
25886,1435993677612,1156.0
25887,1435993677632,1092.0
25888,1435993677657,1092.0
25889,1435993677672,923.0
25890,1435993677694,737.0
25891,1435993677711,737.0
25892,1435993677732,785.0
25893,1435993677754,785.0
25894,1435993677771,792.0
25895,1435993677791,792.0
25896,1435993677819,754.0
25897,1435993677832,754.0
25898,1435993677849,712.0
25899,1435993677871,712.0
25900,1435993677889,648.0
25901,1435993677913,578.0
25902,1435993677966,578.0
25903,1435993677971,488.0
25904,1435993677972,488.0
25905,1435993677989,367.0
25906,1435993678011,367.0
25907,1435993678028,243.0
25908,1435993678049,243.0
25909,1435993678073,165.0
25910,1435993678089,165.0
25911,1435993678112,145.0
25912,1435993678131,149.0
25913,1435993678150,149.0
25914,1435993678176,156.0
25915,1435993678192,156.0
25916,1435993678212,178.0
25917,1435993678233,178.0
25918,1435993678253,284.0
25919,1435993678273,284.0
25920,1435993678292,545.0
25921,1435993678318,545.0
25922,1435993678331,851.0
25923,1435993678351,1077.0
25924,1435993678369,1077.0
25925,1435993678389,1232.0
25926,1435993678410,1232.0
25927,1435993678430,1363.0
25928,1435993678449,1363.0
25929,1435993678470,1418.0
25930,1435993678488,1418.0
25931,1435993678509,1426.0
25932,1435993678531,1426.0
25933,1435993678550,1451.0
25934,1435993678570,1479.0
25935,1435993678595,1479.0
25936,1435993678635,1429.0
25937,1435993678636,1429.0
25938,1435993678654,1414.0
25939,1435993678670,1414.0
25940,1435993678692,1373.0
25941,1435993678711,1373.0
25942,1435993678731,1276.0
25943,1435993678750,1276.0
25944,1435993678774,1130.0
25945,1435993678793,915.0
25946,1435993678815,915.0
25947,1435993678833,948.0
25948,1435993678850,948.0
25949,1435993678870,988.0
25950,1435993678891,988.0
25951,1435993678910,970.0
25952,1435993678933,970.0
25953,1435993678956,919.0
25954,1435993678973,919.0
25955,1435993678992,870.0
25956,1435993679015,810.0
25957,1435993679030,810.0
25958,1435993679051,740.0
25959,1435993679072,740.0
25960,1435993679095,641.0
25961,1435993679116,641.0
25962,1435993679135,500.0
25963,1435993679153,500.0
25964,1435993679170,361.0
25965,1435993679196,361.0
25966,1435993679215,266.0
25967,1435993679315,254.0
25968,1435993679316,254.0
25969,1435993679317,302.0
25970,1435993679318,302.0
25971,1435993679319,381.0
25972,1435993679334,381.0
25973,1435993679359,510.0
25974,1435993679379,510.0
25975,1435993679389,758.0
25976,1435993679409,758.0
25977,1435993679429,1115.0
25978,1435993679455,1368.0
25979,1435993679469,1368.0
25980,1435993679490,1474.0
25981,1435993679512,1474.0
25982,1435993679529,1518.0
25983,1435993679549,1518.0
25984,1435993679569,1532.0
25985,1435993679589,1532.0
25986,1435993679609,1528.0
25987,1435993679629,1528.0
25988,1435993679649,1550.0
25989,1435993679669,1623.0
25990,1435993679689,1623.0
25991,1435993679711,1674.0
25992,1435993679729,1674.0
25993,1435993679749,1637.0
25994,1435993679769,1637.0
25995,1435993679789,1669.0
25996,1435993679809,1669.0
25997,1435993679833,1632.0
25998,1435993679849,1632.0
25999,1435993679869,1580.0
26000,1435993679889,1508.0
26001,1435993679909,1508.0
26002,1435993679929,1480.0
26003,1435993679949,1480.0
26004,1435993679969,1761.0
26005,1435993679992,1761.0
26006,1435993680009,1616.0
26007,1435993680029,1616.0
26008,1435993680049,1388.0
26009,1435993680069,1388.0
26010,1435993680089,1362.0
26011,1435993680109,1394.0
26012,1435993680129,1394.0
26013,1435993680149,1368.0
26014,1435993680169,1368.0
26015,1435993680189,1338.0
26016,1435993680211,1338.0
26017,1435993680229,1301.0
26018,1435993680250,1301.0
26019,1435993680270,1180.0
26020,1435993680290,1180.0
26021,1435993680310,999.0
26022,1435993680330,999.0
26023,1435993680350,827.0
26024,1435993680370,755.0
26025,1435993680390,755.0
26026,1435993680410,742.0
26027,1435993680430,742.0
26028,1435993680450,755.0
26029,1435993680470,755.0
26030,1435993680490,767.0
26031,1435993680510,767.0
26032,1435993680534,853.0
26033,1435993680559,853.0
26034,1435993680574,1051.0
26035,1435993680592,1254.0
26036,1435993680611,1254.0
26037,1435993680632,1358.0
26038,1435993680651,1358.0
26039,1435993680688,1398.0
26040,1435993680691,1398.0
26041,1435993680711,1429.0
26042,1435993680731,1429.0
26043,1435993680751,1455.0
26044,1435993680771,1455.0
26045,1435993680791,1482.0
26046,1435993680812,1497.0
26047,1435993680832,1497.0
26048,1435993680852,1528.0
26049,1435993680871,1528.0
26050,1435993680894,1548.0
26051,1435993680911,1548.0
26052,1435993680931,1533.0
26053,1435993680951,1533.0
26054,1435993680971,1548.0
26055,1435993680991,1548.0
26056,1435993681011,1512.0
26057,1435993681031,1452.0
26058,1435993681051,1452.0
26059,1435993681071,1392.0
26060,1435993681091,1392.0
26061,1435993681113,1465.0
26062,1435993681130,1465.0
26063,1435993681151,1570.0
26064,1435993681171,1570.0
26065,1435993681191,1319.0
26066,1435993681211,1319.0
26067,1435993681230,1234.0
26068,1435993681251,1253.0
26069,1435993681271,1253.0
26070,1435993681291,1251.0
26071,1435993681311,1251.0
26072,1435993681331,1225.0
26073,1435993681352,1225.0
26074,1435993681375,1205.0
26075,1435993681396,1205.0
26076,1435993681415,1159.0
26077,1435993681435,1159.0
26078,1435993681454,1054.0
26079,1435993681474,899.0
26080,1435993681495,899.0
26081,1435993681513,793.0
26082,1435993681532,793.0
26083,1435993681554,748.0
26084,1435993681577,748.0
26085,1435993681597,726.0
26086,1435993681640,726.0
26087,1435993681641,682.0
26088,1435993681993,1517.0
26089,1435993682016,1517.0
26090,1435993682034,1521.0
26091,1435993682054,1521.0
26092,1435993682075,1508.0
26093,1435993682096,1508.0
26094,1435993682116,1516.0
26095,1435993682134,1516.0
26096,1435993682155,1478.0
26097,1435993682176,1478.0
26098,1435993682195,1439.0
26099,1435993682214,1426.0
26100,1435993682232,1426.0
26101,1435993682253,1669.0
26102,1435993682272,1669.0
26103,1435993682295,2320.0
26104,1435993682318,2320.0
26105,1435993682338,2219.0
26106,1435993682354,2219.0
26107,1435993682373,1729.0
26108,1435993682393,1729.0
26109,1435993682413,1487.0
26110,1435993682433,1345.0
26111,1435993682453,1345.0
26112,1435993682481,1252.0
26113,1435993682497,1252.0
26114,1435993682513,1179.0
26115,1435993682532,1179.0
26116,1435993682556,1112.0
26117,1435993682575,1112.0
26118,1435993682597,1006.0
26119,1435993682613,1006.0
26120,1435993682635,846.0
26121,1435993682657,729.0
26122,1435993682677,729.0
26123,1435993682694,688.0
26124,1435993682717,688.0
26125,1435993682737,715.0
26126,1435993682757,715.0
26127,1435993682777,703.0
26128,1435993682797,703.0
26129,1435993682817,724.0
26130,1435993682837,724.0
26131,1435993682856,832.0
26132,1435993682877,1058.0
26133,1435993682895,1058.0
26134,1435993682915,1293.0
26135,1435993682935,1293.0
26136,1435993682957,1423.0
26137,1435993682977,1423.0
26138,1435993682999,1478.0
26139,1435993683017,1478.0
26140,1435993683037,1485.0
26141,1435993683056,1485.0
26142,1435993683076,1466.0
26143,1435993683095,1471.0
26144,1435993683115,1471.0
26145,1435993683168,1510.0
26146,1435993683169,1510.0
26147,1435993683185,1569.0
26148,1435993683197,1569.0
26149,1435993683216,1593.0
26150,1435993683260,1593.0
26151,1435993683261,1586.0
26152,1435993683277,1586.0
26153,1435993683295,1598.0
26154,1435993683325,1580.0
26155,1435993683376,1580.0
26156,1435993683377,1566.0
26157,1435993683378,1566.0
26158,1435993683404,1599.0
26159,1435993683421,1599.0
26160,1435993683435,1892.0
26161,1435993683456,1892.0
26162,1435993683499,2570.0
26163,1435993683500,2570.0
26164,1435993683514,2376.0
26165,1435993683541,1926.0
26166,1435993683555,1926.0
26167,1435993683575,1712.0
26168,1435993683598,1712.0
26169,1435993683616,1572.0
26170,1435993683633,1572.0
26171,1435993683654,1494.0
26172,1435993683678,1494.0
26173,1435993683694,1430.0
26174,1435993683713,1430.0
26175,1435993683734,1366.0
26176,1435993683754,1273.0
26177,1435993683773,1273.0
26178,1435993683793,1137.0
26179,1435993683813,1137.0
26180,1435993683833,993.0
26181,1435993683855,993.0
26182,1435993683875,876.0
26183,1435993683895,876.0
26184,1435993683929,852.0
26185,1435993683935,852.0
26186,1435993683955,855.0
26187,1435993683973,893.0
26188,1435993683994,893.0
26189,1435993684014,1000.0
26190,1435993684034,1000.0
26191,1435993684055,1181.0
26192,1435993684074,1181.0
26193,1435993684095,1393.0
26194,1435993684119,1393.0
26195,1435993684136,1515.0
26196,1435993684155,1515.0
26197,1435993684178,1567.0
26198,1435993684198,1584.0
26199,1435993684218,1584.0
26200,1435993684238,1570.0
26201,1435993684257,1570.0
26202,1435993684279,1563.0
26203,1435993684298,1563.0
26204,1435993684319,1585.0
26205,1435993684336,1585.0
26206,1435993684356,1615.0
26207,1435993684376,1615.0
26208,1435993684398,1640.0
26209,1435993684417,1643.0
26210,1435993684441,1643.0
26211,1435993684455,1656.0
26212,1435993684474,1656.0
26213,1435993684494,1668.0
26214,1435993684514,1668.0
26215,1435993684540,1664.0
26216,1435993684555,1664.0
26217,1435993684575,1681.0
26218,1435993684595,1681.0
26219,1435993684614,1822.0
26220,1435993684634,2460.0
26221,1435993684654,2460.0
26222,1435993684674,2776.0
26223,1435993684694,2776.0
26224,1435993684716,2365.0
26225,1435993684735,2365.0
26226,1435993684755,2044.0
26227,1435993684775,2044.0
26228,1435993684795,1881.0
26229,1435993684815,1881.0
26230,1435993684835,1761.0
26231,1435993684856,1702.0
26232,1435993684875,1702.0
26233,1435993684895,1661.0
26234,1435993684914,1661.0
26235,1435993684936,1609.0
26236,1435993684955,1609.0
26237,1435993684975,1515.0
26238,1435993684996,1515.0
26239,1435993685018,1419.0
26240,1435993685038,1419.0
26241,1435993685057,1270.0
26242,1435993685079,1141.0
26243,1435993685097,1141.0
26244,1435993685120,1078.0
26245,1435993685138,1078.0
26246,1435993685164,1014.0
26247,1435993685256,1014.0
26248,1435993685257,1007.0
26249,1435993685265,1007.0
26250,1435993685266,1055.0
26251,1435993685267,1055.0
26252,1435993685290,1199.0
26253,1435993685297,1199.0
26254,1435993685338,1393.0
26255,1435993685339,1526.0
26256,1435993685356,1526.0
26257,1435993685404,1584.0
26258,1435993685405,1584.0
26259,1435993685447,1606.0
26260,1435993685448,1606.0
26261,1435993685457,1603.0
26262,1435993685494,1603.0
26263,1435993685497,1596.0
26264,1435993685518,1596.0
26265,1435993685538,1616.0
26266,1435993685556,1658.0
26267,1435993685575,1658.0
26268,1435993685596,1658.0
26269,1435993685620,1658.0
26270,1435993685640,1654.0
26271,1435993685658,1654.0
26272,1435993685675,1667.0
26273,1435993685700,1667.0
26274,1435993685719,1643.0
26275,1435993685739,1643.0
26276,1435993685757,1601.0
26277,1435993685778,1583.0
26278,1435993685800,1583.0
26279,1435993685820,1727.0
26280,1435993685840,1727.0
26281,1435993685859,2450.0
26282,1435993685879,2450.0
26283,1435993685897,2682.0
26284,1435993685919,2682.0
26285,1435993685937,2296.0
26286,1435993685955,2296.0
26287,1435993685976,1995.0
26288,1435993685995,1782.0
26289,1435993686016,1782.0
26290,1435993686037,1623.0
26291,1435993686057,1623.0
26292,1435993686076,1534.0
26293,1435993686099,1534.0
26294,1435993686119,1442.0
26295,1435993686137,1442.0
26296,1435993686157,1292.0
26297,1435993686177,1292.0
26298,1435993686199,1166.0
26299,1435993687519,1069.0
26300,1435993687520,1069.0
26301,1435993687521,1045.0
26302,1435993687522,1045.0
26303,1435993687523,1033.0
26304,1435993687524,1033.0
26305,1435993687525,955.0
26306,1435993687526,955.0
26307,1435993687527,947.0
26308,1435993687528,947.0
26309,1435993687529,1031.0
26310,1435993687530,1190.0
26311,1435993687531,1190.0
26312,1435993687532,1346.0
26313,1435993687533,1346.0
26314,1435993687534,1435.0
26315,1435993687535,1435.0
26316,1435993687536,1499.0
26317,1435993687537,1499.0
26318,1435993687538,1545.0
26319,1435993687539,1545.0
26320,1435993687540,1549.0
26321,1435993687541,1546.0
26322,1435993687542,1546.0
26323,1435993687543,1572.0
26324,1435993687544,1572.0
26325,1435993687545,1639.0
26326,1435993687546,1639.0
26327,1435993687547,1636.0
26328,1435993687548,1636.0
26329,1435993687549,1615.0
26330,1435993687550,1615.0
26331,1435993687551,1624.0
26332,1435993687552,1570.0
26333,1435993687553,1570.0
26334,1435993687554,1487.0
26335,1435993687555,1487.0
26336,1435993687556,1426.0
26337,1435993687557,1426.0
26338,1435993687558,1831.0
26339,1435993687559,1831.0
26340,1435993687560,2750.0
26341,1435993687561,2750.0
26342,1435993687562,2678.0
26343,1435993687563,2230.0
26344,1435993687564,2230.0
26345,1435993687565,1968.0
26346,1435993687566,1968.0
26347,1435993687567,1742.0
26348,1435993687568,1742.0
26349,1435993687569,1601.0
26350,1435993687570,1601.0
26351,1435993687571,1527.0
26352,1435993687572,1527.0
26353,1435993687573,1459.0
26354,1435993687574,1347.0
26355,1435993687575,1347.0
26356,1435993687576,1245.0
26357,1435993687577,1245.0
26358,1435993687578,1171.0
26359,1435993687579,1171.0
26360,1435993687580,1102.0
26361,1435993687581,1102.0
26362,1435993687582,1003.0
26363,1435993687583,1003.0
26364,1435993687584,920.0
26365,1435993687585,895.0
26366,1435993687586,895.0
26367,1435993687587,936.0
26368,1435993687597,936.0
26369,1435993687617,1022.0
26370,1435993687637,1022.0
26371,1435993687657,1149.0
26372,1435993687677,1149.0
26373,1435993687697,1267.0
26374,1435993687717,1267.0
26375,1435993687738,1355.0
26376,1435993687757,1423.0
26377,1435993687778,1423.0
26378,1435993687799,1454.0
26379,1435993687821,1454.0
26380,1435993687838,1447.0
26381,1435993687858,1447.0
26382,1435993687879,1443.0
26383,1435993687898,1443.0
26384,1435993687921,1451.0
26385,1435993687939,1451.0
26386,1435993687959,1432.0
26387,1435993687982,1408.0
26388,1435993688001,1408.0
26389,1435993688019,1389.0
26390,1435993688039,1389.0
26391,1435993688067,1357.0
26392,1435993688123,1357.0
26393,1435993688124,1317.0
26394,1435993688125,1317.0
26395,1435993688144,1302.0
26396,1435993688159,1302.0
26397,1435993688179,1712.0
26398,1435993688199,2615.0
26399,1435993688219,2615.0
26400,1435993688240,2559.0
26401,1435993688262,2559.0
26402,1435993688279,2090.0
26403,1435993688299,2090.0
26404,1435993688329,1822.0
26405,1435993688340,1822.0
26406,1435993688362,1591.0
26407,1435993688379,1591.0
26408,1435993688402,1443.0
26409,1435993688422,1358.0
26410,1435993688439,1358.0
26411,1435993688462,1273.0
26412,1435993688482,1273.0
26413,1435993688501,1164.0
26414,1435993688522,1164.0
26415,1435993688541,1091.0
26416,1435993688565,1091.0
26417,1435993688582,1025.0
26418,1435993688601,1025.0
26419,1435993688625,968.0
26420,1435993688645,912.0
26421,1435993688661,912.0
26422,1435993688679,856.0
26423,1435993688699,856.0
26424,1435993688719,888.0
26425,1435993688745,888.0
26426,1435993688768,974.0
26427,1435993688785,974.0
26428,1435993688802,1092.0
26429,1435993688824,1092.0
26430,1435993688877,1207.0
26431,1435993688889,1289.0
26432,1435993688890,1289.0
26433,1435993688899,1350.0
26434,1435993688920,1350.0
26435,1435993688945,1374.0
26436,1435993688959,1374.0
26437,1435993688979,1370.0
26438,1435993688999,1370.0
26439,1435993689019,1369.0
26440,1435993689042,1369.0
26441,1435993689062,1376.0
26442,1435993689080,1366.0
26443,1435993689105,1366.0
26444,1435993689122,1338.0
26445,1435993689143,1338.0
26446,1435993689164,1324.0
26447,1435993689194,1324.0
26448,1435993689210,1307.0
26449,1435993689225,1307.0
26450,1435993689241,1266.0
26451,1435993689262,1266.0
26452,1435993689283,1295.0
26453,1435993689300,1586.0
26454,1435993689324,1586.0
26455,1435993689340,2472.0
26456,1435993689361,2472.0
26457,1435993689380,2620.0
26458,1435993689402,2620.0
26459,1435993689423,2114.0
26460,1435993689447,2114.0
26461,1435993689463,1826.0
26462,1435993689481,1826.0
26463,1435993689500,1596.0
26464,1435993689520,1429.0
26465,1435993689544,1429.0
26466,1435993689563,1340.0
26467,1435993689612,1340.0
26468,1435993689613,1273.0
26469,1435993689630,1273.0
26470,1435993689640,1179.0
26471,1435993689661,1179.0
26472,1435993689685,1110.0
26473,1435993689701,1110.0
26474,1435993689722,1045.0
26475,1435993689742,987.0
26476,1435993689761,987.0
26477,1435993689781,973.0
26478,1435993689801,973.0
26479,1435993689820,850.0
26480,1435993689844,850.0
26481,1435993689864,801.0
26482,1435993689883,801.0
26483,1435993689902,835.0
26484,1435993689920,835.0
26485,1435993689943,911.0
26486,1435993689963,1010.0
26487,1435993689983,1010.0
26488,1435993690005,1115.0
26489,1435993690021,1115.0
26490,1435993690045,1204.0
26491,1435993690060,1204.0
26492,1435993690080,1256.0
26493,1435993690101,1256.0
26494,1435993690123,1271.0
26495,1435993690142,1271.0
26496,1435993690163,1270.0
26497,1435993690184,1257.0
26498,1435993690201,1257.0
26499,1435993690227,1225.0
26500,1435993690331,1225.0
26501,1435993690332,1216.0
26502,1435993690333,1216.0
26503,1435993690334,1192.0
26504,1435993690335,1192.0
26505,1435993690388,1170.0
26506,1435993690389,1170.0
26507,1435993690390,1164.0
26508,1435993690406,1153.0
26509,1435993690423,1153.0
26510,1435993690453,1205.0
26511,1435993690461,1205.0
26512,1435993690482,2030.0
26513,1435993690502,2030.0
26514,1435993690523,2694.0
26515,1435993690546,2694.0
26516,1435993690561,2232.0
26517,1435993690584,2232.0
26518,1435993690605,1828.0
26519,1435993690624,1568.0
26520,1435993690644,1568.0
26521,1435993690664,1363.0
26522,1435993690713,1363.0
26523,1435993690714,1264.0
26524,1435993690725,1264.0
26525,1435993690741,1205.0
26526,1435993690764,1205.0
26527,1435993690786,1125.0
26528,1435993690806,1125.0
26529,1435993690826,1045.0
26530,1435993690844,1015.0
26531,1435993690863,1015.0
26532,1435993690884,982.0
26533,1435993690902,982.0
26534,1435993690927,951.0
26535,1435993690947,951.0
26536,1435993690966,852.0
26537,1435993690984,852.0
26538,1435993691005,783.0
26539,1435993691056,783.0
26540,1435993691057,804.0
26541,1435993691085,878.0
26542,1435993691086,878.0
26543,1435993691104,981.0
26544,1435993691126,981.0
26545,1435993691141,1093.0
26546,1435993691167,1093.0
26547,1435993691183,1196.0
26548,1435993691202,1196.0
26549,1435993691225,1270.0
26550,1435993691256,1270.0
26551,1435993691268,1303.0
26552,1435993691283,1312.0
26553,1435993691303,1312.0
26554,1435993691325,1305.0
26555,1435993691345,1305.0
26556,1435993691365,1275.0
26557,1435993691385,1275.0
26558,1435993691405,1259.0
26559,1435993691425,1259.0
26560,1435993691445,1243.0
26561,1435993691465,1243.0
26562,1435993691484,1234.0
26563,1435993691504,1234.0
26564,1435993691525,1234.0
26565,1435993691543,1224.0
26566,1435993691564,1224.0
26567,1435993691584,1265.0
26568,1435993691607,1265.0
26569,1435993691623,1874.0
26570,1435993691647,1874.0
26571,1435993691665,2688.0
26572,1435993691682,2688.0
26573,1435993691704,2437.0
26574,1435993691724,2528.0
26575,1435993691745,1944.0
26576,1435993691766,1681.0
26577,1435993691811,1681.0
26578,1435993691814,1454.0
26579,1435993691830,1454.0
26580,1435993691843,1332.0
26581,1435993691864,1332.0
26582,1435993691883,1267.0
26583,1435993691903,1267.0
26584,1435993691925,1204.0
26585,1435993691944,1096.0
26586,1435993691964,1096.0
26587,1435993691982,1028.0
26588,1435993692005,1028.0
26589,1435993692022,996.0
26590,1435993692046,996.0
26591,1435993692065,958.0
26592,1435993692086,958.0
26593,1435993692106,901.0
26594,1435993692126,901.0
26595,1435993692144,762.0
26596,1435993692166,762.0
26597,1435993692186,739.0
26598,1435993692209,797.0
26599,1435993692226,797.0
26600,1435993692250,904.0
26601,1435993692265,904.0
26602,1435993692288,1023.0
26603,1435993692302,1023.0
26604,1435993692326,1138.0
26605,1435993692346,1138.0
26606,1435993692366,1245.0
26607,1435993692386,1245.0
26608,1435993692404,1320.0
26609,1435993692424,1346.0
26610,1435993692444,1346.0
26611,1435993692465,1342.0
26612,1435993692484,1342.0
26613,1435993692540,1326.0
26614,1435993692541,1326.0
26615,1435993692549,1319.0
26616,1435993692564,1319.0
26617,1435993692583,1302.0
26618,1435993692603,1302.0
26619,1435993692623,1275.0
26620,1435993692648,1256.0
26621,1435993692665,1256.0
26622,1435993692684,1229.0
26623,1435993692704,1229.0
26624,1435993692724,1189.0
26625,1435993692746,1189.0
26626,1435993692766,1230.0
26627,1435993692786,1230.0
26628,1435993692806,1714.0
26629,1435993692826,1714.0
26630,1435993692846,2547.0
26631,1435993692866,2430.0
26632,1435993692886,2430.0
26633,1435993692906,1925.0
26634,1435993692926,1925.0
26635,1435993692947,1646.0
26636,1435993692964,1646.0
26637,1435993692986,1430.0
26638,1435993693006,1430.0
26639,1435993693026,1308.0
26640,1435993693046,1308.0
26641,1435993693067,1254.0
26642,1435993693087,1181.0
26643,1435993693106,1181.0
26644,1435993693126,1080.0
26645,1435993693146,1080.0
26646,1435993693168,1039.0
26647,1435993693188,1039.0
26648,1435993693207,999.0
26649,1435993693317,999.0
26650,1435993693318,920.0
26651,1435993693319,920.0
26652,1435993693320,803.0
26653,1435993693321,729.0
26654,1435993693328,729.0
26655,1435993693345,730.0
26656,1435993693365,730.0
26657,1435993693384,804.0
26658,1435993693408,804.0
26659,1435993693452,902.0
26660,1435993693453,902.0
26661,1435993693465,1002.0
26662,1435993693486,1002.0
26663,1435993693506,1100.0
26664,1435993693526,1185.0
26665,1435993693546,1185.0
26666,1435993693566,1241.0
26667,1435993693586,1241.0
26668,1435993693607,1259.0
26669,1435993693626,1259.0
26670,1435993693646,1246.0
26671,1435993693666,1246.0
26672,1435993693686,1228.0
26673,1435993693708,1228.0
26674,1435993693724,1205.0
26675,1435993693746,1177.0
26676,1435993693764,1177.0
26677,1435993693784,1149.0
26678,1435993693805,1149.0
26679,1435993693829,1134.0
26680,1435993693849,1134.0
26681,1435993693870,1127.0
26682,1435993693887,1127.0
26683,1435993693905,1141.0
26684,1435993693925,1141.0
26685,1435993693944,1303.0
26686,1435993693965,2041.0
26687,1435993693987,2041.0
26688,1435993694051,2391.0
26689,1435993694052,2391.0
26690,1435993694053,2015.0
26691,1435993694065,2015.0
26692,1435993694089,1673.0
26693,1435993694105,1673.0
26694,1435993694124,1483.0
26695,1435993694145,1483.0
26696,1435993694176,1303.0
26697,1435993694187,1211.0
26698,1435993694211,1211.0
26699,1435993694226,1157.0
26700,1435993694270,1157.0
26701,1435993694271,1064.0
26702,1435993694285,1064.0
26703,1435993694308,989.0
26704,1435993694328,989.0
26705,1435993694348,964.0
26706,1435993694368,964.0
26707,1435993694388,914.0
26708,1435993694408,857.0
26709,1435993694428,857.0
26710,1435993694448,737.0
26711,1435993694468,737.0
26712,1435993694486,683.0
26713,1435993694509,683.0
26714,1435993694528,715.0
26715,1435993694546,715.0
26716,1435993694568,801.0
26717,1435993694607,801.0
26718,1435993694608,904.0
26719,1435993694625,1001.0
26720,1435993694648,1001.0
26721,1435993694665,1102.0
26722,1435993694685,1102.0
26723,1435993694707,1198.0
26724,1435993694727,1198.0
26725,1435993694746,1256.0
26726,1435993694822,1256.0
26727,1435993694823,1263.0
26728,1435993694833,1263.0
26729,1435993694834,1243.0
26730,1435993694848,1218.0
26731,1435993694868,1218.0
26732,1435993694886,1186.0
26733,1435993694905,1186.0
26734,1435993694927,1154.0
26735,1435993694945,1154.0
26736,1435993694967,1117.0
26737,1435993694986,1117.0
26738,1435993695006,1083.0
26739,1435993695027,1083.0
26740,1435993695048,1044.0
26741,1435993695068,1005.0
26742,1435993695088,1005.0
26743,1435993695108,966.0
26744,1435993695129,966.0
26745,1435993695147,1345.0
26746,1435993695168,1345.0
26747,1435993695186,2135.0
26748,1435993695210,2135.0
26749,1435993695232,1765.0
26750,1435993695250,1765.0
26751,1435993695271,1527.0
26752,1435993695291,1324.0
26753,1435993695310,1324.0
26754,1435993695329,1201.0
26755,1435993695348,1201.0
26756,1435993695368,1161.0
26757,1435993695388,1161.0
26758,1435993695410,1144.0
26759,1435993695430,1144.0
26760,1435993695451,1088.0
26761,1435993695469,1088.0
26762,1435993695493,1023.0
26763,1435993695566,994.0
26764,1435993695567,994.0
26765,1435993695568,904.0
26766,1435993695569,904.0
26767,1435993695586,825.0
26768,1435993695608,825.0
26769,1435993695626,732.0
26770,1435993695646,732.0
26771,1435993695668,688.0
26772,1435993695687,688.0
26773,1435993695708,715.0
26774,1435993695727,795.0
26775,1435993695750,795.0
26776,1435993695769,883.0
26777,1435993695789,883.0
26778,1435993695809,958.0
26779,1435993695829,958.0
26780,1435993695849,1024.0
26781,1435993695869,1024.0
26782,1435993695889,1093.0
26783,1435993695908,1093.0
26784,1435993695929,1154.0
26785,1435993695947,1166.0
26786,1435993695969,1166.0
26787,1435993695989,1146.0
26788,1435993696007,1146.0
26789,1435993696028,1138.0
26790,1435993696049,1138.0
26791,1435993696069,1115.0
26792,1435993696090,1115.0
26793,1435993696110,1083.0
26794,1435993696129,1083.0
26795,1435993696148,1069.0
26796,1435993696168,1042.0
26797,1435993696192,1042.0
26798,1435993696219,1002.0
26799,1435993696304,1002.0
26800,1435993696317,1017.0
26801,1435993696318,1017.0
26802,1435993696319,1513.0
26803,1435993696320,1513.0
26804,1435993696328,2469.0
26805,1435993696349,2469.0
26806,1435993696367,2420.0
26807,1435993696398,1886.0
26808,1435993696407,1886.0
26809,1435993696428,1610.0
26810,1435993696447,1610.0
26811,1435993696468,1392.0
26812,1435993696490,1392.0
26813,1435993696509,1245.0
26814,1435993696529,1245.0
26815,1435993696550,1178.0
26816,1435993696570,1178.0
26817,1435993696590,1121.0
26818,1435993696608,1033.0
26819,1435993696629,1033.0
26820,1435993696650,978.0
26821,1435993696670,978.0
26822,1435993696689,938.0
26823,1435993696709,938.0
26824,1435993696730,890.0
26825,1435993696747,890.0
26826,1435993696768,826.0
26827,1435993696787,826.0
26828,1435993696811,715.0
26829,1435993696831,702.0
26830,1435993696852,702.0
26831,1435993696869,753.0
26832,1435993696888,753.0
26833,1435993696908,819.0
26834,1435993696950,819.0
26835,1435993696951,876.0
26836,1435993697072,876.0
26837,1435993697073,916.0
26838,1435993697074,916.0
26839,1435993697075,950.0
26840,1435993697076,989.0
26841,1435993697077,989.0
26842,1435993697100,1015.0
26843,1435993697108,1015.0
26844,1435993697140,1008.0
26845,1435993697147,1008.0
26846,1435993697167,978.0
26847,1435993697201,978.0
26848,1435993697207,943.0
26849,1435993697227,943.0
26850,1435993697247,926.0
26851,1435993697267,915.0
26852,1435993697287,915.0
26853,1435993697307,900.0
26854,1435993697327,900.0
26855,1435993697347,900.0
26856,1435993697367,900.0
26857,1435993697387,926.0
26858,1435993697407,926.0
26859,1435993697429,1049.0
26860,1435993697449,1049.0
26861,1435993697467,1680.0
26862,1435993697487,2341.0
26863,1435993697509,2341.0
26864,1435993697529,2084.0
26865,1435993697554,2084.0
26866,1435993697569,1628.0
26867,1435993697591,1628.0
26868,1435993697609,1431.0
26869,1435993697628,1431.0
26870,1435993697648,1244.0
26871,1435993697669,1244.0
26872,1435993697691,1146.0
26873,1435993697743,1100.0
26874,1435993697744,1100.0
26875,1435993697752,1041.0
26876,1435993697768,1041.0
26877,1435993697790,972.0
26878,1435993697810,972.0
26879,1435993697828,925.0
26880,1435993697848,925.0
26881,1435993697869,890.0
26882,1435993697890,890.0
26883,1435993697909,833.0
26884,1435993697929,748.0
26885,1435993697948,748.0
26886,1435993697969,700.0
26887,1435993697989,700.0
26888,1435993698009,724.0
26889,1435993698029,724.0
26890,1435993698051,782.0
26891,1435993698071,782.0
26892,1435993698091,840.0
26893,1435993698108,840.0
26894,1435993698130,879.0
26895,1435993698149,902.0
26896,1435993698169,902.0
26897,1435993698195,904.0
26898,1435993698209,904.0
26899,1435993698232,911.0
26900,1435993698256,911.0
26901,1435993698274,924.0
26902,1435993698294,924.0
26903,1435993698312,910.0
26904,1435993698329,910.0
26905,1435993698350,872.0
26906,1435993698369,845.0
26907,1435993698390,845.0
26908,1435993698411,840.0
26909,1435993698431,840.0
26910,1435993698478,833.0
26911,1435993698479,833.0
26912,1435993698497,839.0
26913,1435993698509,839.0
26914,1435993698529,863.0
26915,1435993698549,863.0
26916,1435993698569,917.0
26917,1435993698601,1265.0
26918,1435993698609,1265.0
26919,1435993698635,2235.0
26920,1435993698649,2235.0
26921,1435993698672,2313.0
26922,1435993698689,2313.0
26923,1435993698712,1819.0
26924,1435993698732,1819.0
26925,1435993698749,1541.0
26926,1435993698772,1541.0
26927,1435993698789,1315.0
26928,1435993698811,1172.0
26929,1435993698832,1172.0
26930,1435993698852,1113.0
26931,1435993698872,1113.0
26932,1435993698892,1080.0
26933,1435993698916,1080.0
26934,1435993698931,1013.0
26935,1435993698954,1013.0
26936,1435993698972,963.0
26937,1435993698989,963.0
26938,1435993699009,917.0
26939,1435993699029,855.0
26940,1435993699056,855.0
26941,1435993699071,787.0
26942,1435993699091,787.0
26943,1435993699110,667.0
26944,1435993699134,667.0
26945,1435993699211,637.0
26946,1435993699212,637.0
26947,1435993699213,664.0
26948,1435993699214,664.0
26949,1435993699338,711.0
26950,1435993699339,760.0
26951,1435993699340,760.0
26952,1435993699341,807.0
26953,1435993699342,807.0
26954,1435993699343,846.0
26955,1435993699349,846.0
26956,1435993699376,854.0
26957,1435993699389,854.0
26958,1435993699411,863.0
26959,1435993699430,863.0
26960,1435993699451,867.0
26961,1435993699473,845.0
26962,1435993699493,845.0
26963,1435993699512,808.0
26964,1435993699533,808.0
26965,1435993699554,791.0
26966,1435993699572,791.0
26967,1435993699593,789.0
26968,1435993699610,789.0
26969,1435993699632,777.0
26970,1435993699654,777.0
26971,1435993699670,782.0
26972,1435993699693,807.0
26973,1435993699710,807.0
26974,1435993699730,895.0
26975,1435993699752,895.0
26976,1435993699772,1525.0
26977,1435993699805,1525.0
26978,1435993699810,2366.0
26979,1435993699830,2366.0
26980,1435993699850,2127.0
26981,1435993699870,2127.0
26982,1435993699890,1669.0
26983,1435993699913,1435.0
26984,1435993699931,1435.0
26985,1435993699991,1210.0
26986,1435993699992,1210.0
26987,1435993699993,1095.0
26988,1435993700010,1095.0
26989,1435993700031,1041.0
26990,1435993700050,1041.0
26991,1435993700070,994.0
26992,1435993700095,994.0
26993,1435993700110,920.0
26994,1435993700132,920.0
26995,1435993700160,898.0
26996,1435993700283,869.0
26997,1435993700284,869.0
26998,1435993700285,826.0
26999,1435993700286,826.0
27000,1435993700308,753.0
27001,1435993700309,753.0
27002,1435993700310,637.0
27003,1435993700320,637.0
27004,1435993700333,615.0
27005,1435993700354,615.0
27006,1435993700373,644.0
27007,1435993700394,687.0
27008,1435993700413,687.0
27009,1435993700434,727.0
27010,1435993700454,727.0
27011,1435993700473,771.0
27012,1435993700492,771.0
27013,1435993700510,816.0
27014,1435993700534,816.0
27015,1435993700554,842.0
27016,1435993700573,842.0
27017,1435993700592,863.0
27018,1435993700613,857.0
27019,1435993700634,857.0
27020,1435993700654,820.0
27021,1435993700673,820.0
27022,1435993700726,774.0
27023,1435993700727,774.0
27024,1435993700732,766.0
27025,1435993700753,766.0
27026,1435993700772,748.0
27027,1435993700852,748.0
27028,1435993700853,736.0
27029,1435993700854,751.0
27030,1435993700855,751.0
27031,1435993700872,773.0
27032,1435993700892,773.0
27033,1435993700911,837.0
27034,1435993700936,837.0
27035,1435993700960,1297.0
27036,1435993700972,1297.0
27037,1435993700997,2215.0
27038,1435993701012,2215.0
27039,1435993701037,2147.0
27040,1435993701054,1656.0
27041,1435993701074,1656.0
27042,1435993701094,1401.0
27043,1435993701112,1401.0
27044,1435993701131,1171.0
27045,1435993701154,1171.0
27046,1435993701174,1034.0
27047,1435993701196,1034.0
27048,1435993701211,970.0
27049,1435993701238,970.0
27050,1435993702597,915.0
27051,1435993702598,850.0
27052,1435993702599,850.0
27053,1435993702600,837.0
27054,1435993702601,837.0
27055,1435993702602,826.0
27056,1435993702603,826.0
27057,1435993702604,766.0
27058,1435993702605,766.0
27059,1435993702606,682.0
27060,1435993702607,682.0
27061,1435993702608,626.0
27062,1435993702609,623.0
27063,1435993702610,623.0
27064,1435993702611,645.0
27065,1435993702612,645.0
27066,1435993702613,676.0
27067,1435993702614,676.0
27068,1435993702615,723.0
27069,1435993702616,723.0
27070,1435993702617,782.0
27071,1435993702618,782.0
27072,1435993702619,827.0
27073,1435993702620,848.0
27074,1435993702621,848.0
27075,1435993702622,853.0
27076,1435993702623,853.0
27077,1435993702624,829.0
27078,1435993702625,829.0
27079,1435993702626,780.0
27080,1435993702627,780.0
27081,1435993702628,762.0
27082,1435993702629,762.0
27083,1435993702630,769.0
27084,1435993702631,741.0
27085,1435993702632,741.0
27086,1435993702633,737.0
27087,1435993702634,737.0
27088,1435993702635,762.0
27089,1435993702636,762.0
27090,1435993702637,797.0
27091,1435993702638,797.0
27092,1435993702639,1026.0
27093,1435993702640,1026.0
27094,1435993702641,1981.0
27095,1435993702642,2421.0
27096,1435993702643,2421.0
27097,1435993702644,1994.0
27098,1435993702645,1994.0
27099,1435993702646,1567.0
27100,1435993702647,1567.0
27101,1435993702648,1335.0
27102,1435993702649,1335.0
27103,1435993702650,1129.0
27104,1435993702651,1129.0
27105,1435993702652,1037.0
27106,1435993702653,989.0
27107,1435993702654,989.0
27108,1435993702655,918.0
27109,1435993702656,918.0
27110,1435993702657,872.0
27111,1435993702658,872.0
27112,1435993702659,881.0
27113,1435993702660,881.0
27114,1435993702661,859.0
27115,1435993702662,859.0
27116,1435993702663,846.0
27117,1435993702664,730.0
27118,1435993702665,730.0
27119,1435993702666,641.0
27120,1435993702667,641.0
27121,1435993702671,644.0
27122,1435993702691,644.0
27123,1435993702711,677.0
27124,1435993702731,677.0
27125,1435993702751,716.0
27126,1435993702771,716.0
27127,1435993702791,753.0
27128,1435993702811,800.0
27129,1435993702831,800.0
27130,1435993702852,843.0
27131,1435993702875,843.0
27132,1435993702893,862.0
27133,1435993702916,862.0
27134,1435993702933,865.0
27135,1435993702953,865.0
27136,1435993702973,851.0
27137,1435993702995,851.0
27138,1435993703017,812.0
27139,1435993703037,774.0
27140,1435993703056,774.0
27141,1435993703072,780.0
27142,1435993703094,780.0
27143,1435993703113,762.0
27144,1435993703135,762.0
27145,1435993703153,749.0
27146,1435993703224,749.0
27147,1435993703225,766.0
27148,1435993703226,766.0
27149,1435993703259,793.0
27150,1435993703260,953.0
27151,1435993703273,953.0
27152,1435993703297,1783.0
27153,1435993703313,1783.0
27154,1435993703334,2313.0
27155,1435993703355,2313.0
27156,1435993703373,1920.0
27157,1435993703397,1920.0
27158,1435993703414,1545.0
27159,1435993703434,1545.0
27160,1435993703457,1315.0
27161,1435993703476,1132.0
27162,1435993703496,1132.0
27163,1435993703516,1054.0
27164,1435993703537,1054.0
27165,1435993703557,1013.0
27166,1435993703577,1013.0
27167,1435993703597,949.0
27168,1435993703616,949.0
27169,1435993703637,910.0
27170,1435993703655,910.0
27171,1435993703676,911.0
27172,1435993703696,879.0
27173,1435993703717,879.0
27174,1435993703736,818.0
27175,1435993703757,818.0
27176,1435993703777,702.0
27177,1435993703797,702.0
27178,1435993703816,649.0
27179,1435993703837,649.0
27180,1435993703858,661.0
27181,1435993703878,661.0
27182,1435993703898,694.0
27183,1435993703916,727.0
27184,1435993703972,727.0
27185,1435993703985,763.0
27186,1435993703986,763.0
27187,1435993703994,797.0
27188,1435993704024,797.0
27189,1435993704035,819.0
27190,1435993704057,819.0
27191,1435993704076,829.0
27192,1435993704094,829.0
27193,1435993704116,842.0
27194,1435993704138,835.0
27195,1435993704154,835.0
27196,1435993704174,790.0
27197,1435993704194,790.0
27198,1435993704216,746.0
27199,1435993704248,746.0
27200,1435993704256,740.0
27201,1435993704275,740.0
27202,1435993704296,722.0
27203,1435993704318,722.0
27204,1435993704337,712.0
27205,1435993704358,727.0
27206,1435993704374,727.0
27207,1435993704397,772.0
27208,1435993704416,772.0
27209,1435993704436,1058.0
27210,1435993704457,1058.0
27211,1435993704478,1926.0
27212,1435993704497,1926.0
27213,1435993704517,2195.0
27214,1435993704538,2195.0
27215,1435993704557,1737.0
27216,1435993704577,1429.0
27217,1435993704597,1429.0
27218,1435993704616,1217.0
27219,1435993704640,1217.0
27220,1435993704715,1066.0
27221,1435993704716,1066.0
27222,1435993704717,1005.0
27223,1435993704718,1005.0
27224,1435993704735,978.0
27225,1435993704756,978.0
27226,1435993704775,926.0
27227,1435993704797,898.0
27228,1435993704814,898.0
27229,1435993704835,909.0
27230,1435993704856,909.0
27231,1435993704876,884.0
27232,1435993704899,884.0
27233,1435993704919,816.0
27234,1435993704938,816.0
27235,1435993704958,705.0
27236,1435993704975,705.0
27237,1435993704996,663.0
27238,1435993705016,674.0
27239,1435993705035,674.0
27240,1435993705056,694.0
27241,1435993705078,694.0
27242,1435993705095,717.0
27243,1435993705118,717.0
27244,1435993705138,758.0
27245,1435993705158,758.0
27246,1435993705178,799.0
27247,1435993705195,799.0
27248,1435993705219,818.0
27249,1435993705267,826.0
27250,1435993705268,826.0
27251,1435993705275,822.0
27252,1435993705297,822.0
27253,1435993705330,800.0
27254,1435993705338,800.0
27255,1435993705355,755.0
27256,1435993705375,755.0
27257,1435993705407,739.0
27258,1435993705417,739.0
27259,1435993705435,741.0
27260,1435993705455,717.0
27261,1435993705475,717.0
27262,1435993705498,721.0
27263,1435993705517,721.0
27264,1435993705536,756.0
27265,1435993705577,756.0
27266,1435993705578,843.0
27267,1435993705597,843.0
27268,1435993705615,1403.0
27269,1435993705635,1403.0
27270,1435993705655,2243.0
27271,1435993705675,2146.0
27272,1435993705697,2146.0
27273,1435993705719,1654.0
27274,1435993705739,1654.0
27275,1435993705759,1428.0
27276,1435993705779,1428.0
27277,1435993705799,1211.0
27278,1435993705819,1211.0
27279,1435993705838,1074.0
27280,1435993705859,1074.0
27281,1435993705879,1016.0
27282,1435993705895,983.0
27283,1435993705915,983.0
27284,1435993705935,921.0
27285,1435993705959,921.0
27286,1435993705980,892.0
27287,1435993706000,892.0
27288,1435993706018,910.0
27289,1435993706036,910.0
27290,1435993706056,888.0
27291,1435993706075,888.0
27292,1435993706095,832.0
27293,1435993706118,710.0
27294,1435993706161,710.0
27295,1435993706162,651.0
27296,1435993706185,651.0
27297,1435993706198,660.0
27298,1435993706217,660.0
27299,1435993706249,688.0
27300,1435993706256,688.0
27301,1435993706278,718.0
27302,1435993706297,718.0
27303,1435993706318,755.0
27304,1435993706338,795.0
27305,1435993706358,795.0
27306,1435993706376,813.0
27307,1435993706399,813.0
27308,1435993706419,813.0
27309,1435993706439,813.0
27310,1435993706459,808.0
27311,1435993706479,808.0
27312,1435993706499,793.0
27313,1435993706519,793.0
27314,1435993706539,752.0
27315,1435993706559,722.0
27316,1435993706580,722.0
27317,1435993706599,727.0
27318,1435993706618,727.0
27319,1435993706640,719.0
27320,1435993706657,719.0
27321,1435993706676,715.0
27322,1435993706696,715.0
27323,1435993706721,745.0
27324,1435993706742,745.0
27325,1435993706762,787.0
27326,1435993706779,1001.0
27327,1435993706796,1001.0
27328,1435993706817,1892.0
27329,1435993706837,1892.0
27330,1435993706858,2316.0
27331,1435993706878,2316.0
27332,1435993706934,1914.0
27333,1435993706935,1914.0
27334,1435993706947,1566.0
27335,1435993706957,1566.0
27336,1435993706983,1332.0
27337,1435993706998,1131.0
27338,1435993707019,1131.0
27339,1435993707038,1047.0
27340,1435993707058,1047.0
27341,1435993707078,1002.0
27342,1435993707099,1002.0
27343,1435993707118,942.0
27344,1435993707139,942.0
27345,1435993707160,887.0
27346,1435993707180,887.0
27347,1435993707199,898.0
27348,1435993707217,910.0
27349,1435993707239,910.0
27350,1435993707257,894.0
27351,1435993707278,894.0
27352,1435993707297,765.0
27353,1435993707320,765.0
27354,1435993707339,661.0
27355,1435993707360,661.0
27356,1435993707379,658.0
27357,1435993707398,658.0
27358,1435993707417,680.0
27359,1435993707441,703.0
27360,1435993707461,703.0
27361,1435993707482,724.0
27362,1435993707499,724.0
27363,1435993707518,770.0
27364,1435993707537,770.0
27365,1435993707557,807.0
27366,1435993707578,807.0
27367,1435993707601,821.0
27368,1435993707645,821.0
27369,1435993707646,823.0
27370,1435993707668,804.0
27371,1435993707677,804.0
27372,1435993707701,759.0
27373,1435993707718,759.0
27374,1435993707737,721.0
27375,1435993707759,721.0
27376,1435993707778,721.0
27377,1435993707799,721.0
27378,1435993707820,706.0
27379,1435993707839,706.0
27380,1435993707858,703.0
27381,1435993707881,703.0
27382,1435993707901,730.0
27383,1435993707918,755.0
27384,1435993707939,755.0
27385,1435993707961,933.0
27386,1435993707981,933.0
27387,1435993708002,1797.0
27388,1435993708019,1797.0
27389,1435993708039,2202.0
27390,1435993708058,2202.0
27391,1435993708079,1820.0
27392,1435993708100,1820.0
27393,1435993708120,1444.0
27394,1435993708138,1227.0
27395,1435993708161,1227.0
27396,1435993708181,1047.0
27397,1435993708199,1047.0
27398,1435993708218,970.0
27399,1435993708247,970.0
27400,1435993708258,940.0
27401,1435993708279,940.0
27402,1435993708299,891.0
27403,1435993708365,891.0
27404,1435993708366,859.0
27405,1435993708367,868.0
27406,1435993708386,868.0
27407,1435993708398,845.0
27408,1435993708418,845.0
27409,1435993708438,751.0
27410,1435993708458,751.0
27411,1435993708490,665.0
27412,1435993708498,665.0
27413,1435993708524,631.0
27414,1435993708540,631.0
27415,1435993708561,631.0
27416,1435993708579,649.0
27417,1435993708599,649.0
27418,1435993708621,676.0
27419,1435993708641,676.0
27420,1435993708661,726.0
27421,1435993708682,726.0
27422,1435993708701,775.0
27423,1435993708719,775.0
27424,1435993708741,806.0
27425,1435993708765,806.0
27426,1435993708779,825.0
27427,1435993708801,822.0
27428,1435993708819,822.0
27429,1435993708840,787.0
27430,1435993708862,787.0
27431,1435993708879,721.0
27432,1435993708901,721.0
27433,1435993708922,699.0
27434,1435993708942,699.0
27435,1435993708961,704.0
27436,1435993708981,704.0
27437,1435993709000,683.0
27438,1435993709021,691.0
27439,1435993709082,691.0
27440,1435993709083,726.0
27441,1435993709084,726.0
27442,1435993709105,843.0
27443,1435993709119,843.0
27444,1435993709140,1647.0
27445,1435993709159,1647.0
27446,1435993709179,2299.0
27447,1435993709202,2299.0
27448,1435993709219,1957.0
27449,1435993709247,1496.0
27450,1435993709259,1496.0
27451,1435993709304,1250.0
27452,1435993709305,1250.0
27453,1435993709319,1047.0
27454,1435993709340,1047.0
27455,1435993709360,940.0
27456,1435993709381,940.0
27457,1435993709401,900.0
27458,1435993709421,900.0
27459,1435993709442,865.0
27460,1435993709462,820.0
27461,1435993709481,820.0
27462,1435993709506,823.0
27463,1435993709522,823.0
27464,1435993709541,813.0
27465,1435993709562,813.0
27466,1435993709582,764.0
27467,1435993709602,764.0
27468,1435993709620,672.0
27469,1435993709640,672.0
27470,1435993709660,621.0
27471,1435993709686,624.0
27472,1435993709701,624.0
27473,1435993709721,640.0
27474,1435993709741,640.0
27475,1435993709769,654.0
27476,1435993709781,654.0
27477,1435993709828,699.0
27478,1435993709829,699.0
27479,1435993709848,767.0
27480,1435993709859,767.0
27481,1435993709891,809.0
27482,1435993709901,827.0
27483,1435993709919,827.0
27484,1435993709942,827.0
27485,1435993709960,827.0
27486,1435993709981,799.0
27487,1435993710002,799.0
27488,1435993710023,745.0
27489,1435993710040,745.0
27490,1435993710064,720.0
27491,1435993710082,720.0
27492,1435993710103,730.0
27493,1435993710124,704.0
27494,1435993710142,704.0
27495,1435993710163,699.0
27496,1435993710184,699.0
27497,1435993710203,727.0
27498,1435993710230,727.0
27499,1435993710249,768.0
27500,1435993710264,768.0
27501,1435993710284,1222.0
27502,1435993710303,1222.0
27503,1435993710322,2187.0
27504,1435993710340,2168.0
27505,1435993710381,2168.0
27506,1435993710382,1641.0
27507,1435993710400,1641.0
27508,1435993710421,1378.0
27509,1435993710440,1378.0
27510,1435993710460,1153.0
27511,1435993710480,1153.0
27512,1435993710545,1023.0
27513,1435993710546,1023.0
27514,1435993710547,967.0
27515,1435993710566,939.0
27516,1435993710580,939.0
27517,1435993710601,889.0
27518,1435993710620,889.0
27519,1435993710640,859.0
27520,1435993710662,859.0
27521,1435993710683,870.0
27522,1435993710720,870.0
27523,1435993710721,848.0
27524,1435993710742,848.0
27525,1435993710760,792.0
27526,1435993710784,697.0
27527,1435993710804,697.0
27528,1435993710823,649.0
27529,1435993710844,649.0
27530,1435993710864,663.0
27531,1435993710884,663.0
27532,1435993710904,696.0
27533,1435993710924,696.0
27534,1435993710940,729.0
27535,1435993710964,729.0
27536,1435993710983,768.0
27537,1435993711003,812.0
27538,1435993711051,812.0
27539,1435993711052,833.0
27540,1435993711067,833.0
27541,1435993711080,835.0
27542,1435993711100,835.0
27543,1435993711121,831.0
27544,1435993711140,831.0
27545,1435993711160,809.0
27546,1435993711180,809.0
27547,1435993711200,759.0
27548,1435993711225,748.0
27549,1435993711241,748.0
27550,1435993711261,744.0
27551,1435993711286,744.0
27552,1435993711300,725.0
27553,1435993711320,725.0
27554,1435993711340,740.0
27555,1435993711360,740.0
27556,1435993711380,764.0
27557,1435993711400,764.0
27558,1435993711420,836.0
27559,1435993711440,1259.0
27560,1435993711460,1259.0
27561,1435993711480,2115.0
27562,1435993711500,2115.0
27563,1435993711520,2115.0
27564,1435993711540,2115.0
27565,1435993711560,1641.0
27566,1435993711580,1641.0
27567,1435993711601,1390.0
27568,1435993711620,1390.0
27569,1435993711640,1174.0
27570,1435993711661,1045.0
27571,1435993711680,1045.0
27572,1435993711701,993.0
27573,1435993711720,993.0
27574,1435993711740,961.0
27575,1435993711760,961.0
27576,1435993711780,900.0
27577,1435993711800,900.0
27578,1435993711821,874.0
27579,1435993711840,874.0
27580,1435993711860,873.0
27581,1435993711880,840.0
27582,1435993711900,840.0
27583,1435993711920,766.0
27584,1435993711940,766.0
27585,1435993711961,689.0
27586,1435993711985,689.0
27587,1435993712005,672.0
27588,1435993712026,672.0
27589,1435993712045,698.0
27590,1435993712065,698.0
27591,1435993712086,729.0
27592,1435993712105,753.0
27593,1435993712126,753.0
27594,1435993712146,782.0
27595,1435993712166,782.0
27596,1435993712181,803.0
27597,1435993712204,803.0
27598,1435993712225,799.0
27599,1435993712243,799.0
27600,1435993712263,790.0
27601,1435993712283,790.0
27602,1435993712303,790.0
27603,1435993712321,767.0
27604,1435993712343,767.0
27605,1435993712364,720.0
27606,1435993712385,720.0
27607,1435993712403,718.0
27608,1435993712423,718.0
27609,1435993712443,720.0
27610,1435993712492,720.0
27611,1435993712493,708.0
27612,1435993712509,708.0
27613,1435993712521,726.0
27614,1435993712541,758.0
27615,1435993712561,758.0
27616,1435993712581,837.0
27617,1435993712601,837.0
27618,1435993712621,1423.0
27619,1435993712641,1423.0
27620,1435993712661,2227.0
27621,1435993712681,2227.0
27622,1435993712701,2061.0
27623,1435993712726,2061.0
27624,1435993712746,1560.0
27625,1435993712765,1320.0
27626,1435993712785,1320.0
27627,1435993712803,1117.0
27628,1435993712825,1117.0
27629,1435993712846,1002.0
27630,1435993712865,1002.0
27631,1435993712885,959.0
27632,1435993712906,959.0
27633,1435993712925,922.0
27634,1435993712948,922.0
27635,1435993712964,873.0
27636,1435993712985,867.0
27637,1435993713005,867.0
27638,1435993713025,852.0
27639,1435993713043,852.0
27640,1435993713068,840.0
27641,1435993713099,840.0
27642,1435993713104,758.0
27643,1435993713124,758.0
27644,1435993713143,679.0
27645,1435993713164,679.0
27646,1435993713185,677.0
27647,1435993713202,698.0
27648,1435993713225,698.0
27649,1435993713245,718.0
27650,1435993713264,718.0
27651,1435993713285,750.0
27652,1435993713306,750.0
27653,1435993713324,790.0
27654,1435993713346,790.0
27655,1435993713366,806.0
27656,1435993713386,806.0
27657,1435993713406,797.0
27658,1435993713426,794.0
27659,1435993713446,794.0
27660,1435993713465,790.0
27661,1435993713486,790.0
27662,1435993713506,768.0
27663,1435993713525,768.0
27664,1435993713546,718.0
27665,1435993713566,718.0
27666,1435993713587,716.0
27667,1435993713607,716.0
27668,1435993713627,717.0
27669,1435993713646,704.0
27670,1435993713666,704.0
27671,1435993713686,728.0
27672,1435993713705,728.0
27673,1435993713732,765.0
27674,1435993713804,765.0
27675,1435993713805,861.0
27676,1435993713806,861.0
27677,1435993713807,1460.0
27678,1435993713824,1460.0
27679,1435993713844,2178.0
27680,1435993713863,1940.0
27681,1435993713884,1940.0
27682,1435993713905,1605.0
27683,1435993713926,1605.0
27684,1435993713946,1356.0
27685,1435993713965,1356.0
27686,1435993713987,1146.0
27687,1435993714008,1146.0
27688,1435993714026,1050.0
27689,1435993714047,1050.0
27690,1435993714067,1011.0
27691,1435993714087,972.0
27692,1435993714107,972.0
27693,1435993714126,914.0
27694,1435993714147,914.0
27695,1435993714164,912.0
27696,1435993714187,912.0
27697,1435993714218,914.0
27698,1435993714282,914.0
27699,1435993714283,839.0
27700,1435993714284,839.0
27701,1435993714286,727.0
27702,1435993714308,661.0
27703,1435993714326,661.0
27704,1435993714346,665.0
27705,1435993714366,665.0
27706,1435993714387,696.0
27707,1435993714408,696.0
27708,1435993714428,727.0
27709,1435993714445,727.0
27710,1435993714472,757.0
27711,1435993714545,757.0
27712,1435993714546,800.0
27713,1435993714547,830.0
27714,1435993714548,830.0
27715,1435993714566,831.0
27716,1435993714591,831.0
27717,1435993714606,819.0
27718,1435993714625,819.0
27719,1435993714646,803.0
27720,1435993714665,803.0
27721,1435993714685,766.0
27722,1435993714706,766.0
27723,1435993714727,739.0
27724,1435993714747,757.0
27725,1435993714767,757.0
27726,1435993714787,737.0
27727,1435993714807,737.0
27728,1435993714828,739.0
27729,1435993714847,739.0
27730,1435993714868,775.0
27731,1435993714888,775.0
27732,1435993714908,814.0
27733,1435993714925,814.0
27734,1435993714945,981.0
27735,1435993714968,1761.0
27736,1435993714986,1761.0
27737,1435993715006,2220.0
27738,1435993715027,2220.0
27739,1435993715049,1868.0
27740,1435993715070,1868.0
27741,1435993715090,1488.0
27742,1435993715108,1488.0
27743,1435993715127,1285.0
27744,1435993715144,1285.0
27745,1435993715167,1115.0
27746,1435993715186,1038.0
27747,1435993715316,1038.0
27748,1435993715317,1009.0
27749,1435993715318,1009.0
27750,1435993715319,970.0
27751,1435993715320,970.0
27752,1435993715321,948.0
27753,1435993715350,948.0
27754,1435993715351,948.0
27755,1435993715365,948.0
27756,1435993715385,905.0
27757,1435993715406,816.0
27758,1435993715426,816.0
27759,1435993715445,713.0
27760,1435993715468,713.0
27761,1435993715485,670.0
27762,1435993715507,670.0
27763,1435993715533,661.0
27764,1435993715545,661.0
27765,1435993715566,662.0
27766,1435993715585,662.0
27767,1435993715605,688.0
27768,1435993715628,744.0
27769,1435993715649,744.0
27770,1435993715668,784.0
27771,1435993715688,784.0
27772,1435993715711,783.0
27773,1435993715726,783.0
27774,1435993715748,773.0
27775,1435993715769,773.0
27776,1435993715789,761.0
27777,1435993715810,761.0
27778,1435993715829,745.0
27779,1435993715849,724.0
27780,1435993715868,724.0
27781,1435993715888,738.0
27782,1435993715910,738.0
27783,1435993715930,730.0
27784,1435993715950,730.0
27785,1435993715969,701.0
27786,1435993715990,701.0
27787,1435993716043,715.0
27788,1435993716056,715.0
27789,1435993716057,742.0
27790,1435993716065,786.0
27791,1435993716094,786.0
27792,1435993716107,1188.0
27793,1435993716125,1188.0
27794,1435993716148,2145.0
27795,1435993716167,2145.0
27796,1435993716187,2256.0
27797,1435993716208,2256.0
27798,1435993716225,1762.0
27799,1435993716254,1762.0
27800,1435993716265,1482.0
27801,1435993716286,1247.0
27802,1435993716309,1247.0
27803,1435993716329,1086.0
27804,1435993716348,1086.0
27805,1435993716369,1021.0
27806,1435993716389,1021.0
27807,1435993716409,976.0
27808,1435993716456,976.0
27809,1435993716457,914.0
27810,1435993716497,914.0
27811,1435993716498,901.0
27812,1435993716507,901.0
27813,1435993716527,912.0
27814,1435993716548,923.0
27815,1435993716568,923.0
27816,1435993716588,833.0
27817,1435993716608,833.0
27818,1435993716629,663.0
27819,1435993716649,663.0
27820,1435993716670,636.0
27821,1435993716687,636.0
27822,1435993716717,653.0
27823,1435993716780,653.0
27824,1435993716781,680.0
27825,1435993716782,703.0
27826,1435993716788,703.0
27827,1435993716819,736.0
27828,1435993716828,736.0
27829,1435993716846,794.0
27830,1435993716867,794.0
27831,1435993716886,839.0
27832,1435993716909,839.0
27833,1435993716927,849.0
27834,1435993716950,849.0
27835,1435993716969,836.0
27836,1435993716989,796.0
27837,1435993717009,796.0
27838,1435993717029,753.0
27839,1435993717050,753.0
27840,1435993717070,766.0
27841,1435993717090,766.0
27842,1435993717109,745.0
27843,1435993717129,745.0
27844,1435993717147,729.0
27845,1435993717170,729.0
27846,1435993717195,744.0
27847,1435993717208,764.0
27848,1435993717227,764.0
27849,1435993717248,808.0
27850,1435993717266,808.0
27851,1435993717288,1298.0
27852,1435993717309,1298.0
27853,1435993717327,2214.0
27854,1435993717362,2214.0
27855,1435993717367,2221.0
27856,1435993717387,2221.0
27857,1435993717659,1760.0
27858,1435993717660,1480.0
27859,1435993717661,1480.0
27860,1435993717662,1256.0
27861,1435993717663,1256.0
27862,1435993717664,1099.0
27863,1435993717665,1099.0
27864,1435993717666,1032.0
27865,1435993717667,1032.0
27866,1435993717668,999.0
27867,1435993717669,999.0
27868,1435993717670,942.0
27869,1435993717671,918.0
27870,1435993717695,918.0
27871,1435993717696,938.0
27872,1435993717720,938.0
27873,1435993717726,917.0
27874,1435993717746,917.0
27875,1435993717767,815.0
27876,1435993717788,815.0
27877,1435993717807,694.0
27878,1435993717828,694.0
27879,1435993717848,661.0
27880,1435993717867,677.0
27881,1435993717887,677.0
27882,1435993717907,706.0
27883,1435993717928,706.0
27884,1435993717951,732.0
27885,1435993717967,732.0
27886,1435993717987,769.0
27887,1435993718008,769.0
27888,1435993718032,816.0
27889,1435993718049,816.0
27890,1435993718071,840.0
27891,1435993718091,841.0
27892,1435993718107,841.0
27893,1435993718127,836.0
27894,1435993718148,836.0
27895,1435993718167,821.0
27896,1435993718258,821.0
27897,1435993718259,779.0
27898,1435993718260,779.0
27899,1435993718261,758.0
27900,1435993718281,758.0
27901,1435993718288,756.0
27902,1435993718308,728.0
27903,1435993718328,728.0
27904,1435993718359,729.0
27905,1435993718378,729.0
27906,1435993718388,755.0
27907,1435993718408,755.0
27908,1435993718428,802.0
27909,1435993718448,802.0
27910,1435993718468,1116.0
27911,1435993718488,1116.0
27912,1435993718508,1981.0
27913,1435993718528,2218.0
27914,1435993718548,2218.0
27915,1435993718568,1783.0
27916,1435993718588,1783.0
27917,1435993718608,1458.0
27918,1435993718628,1458.0
27919,1435993718648,1238.0
27920,1435993718669,1238.0
27921,1435993718688,1073.0
27922,1435993718708,1073.0
27923,1435993718728,1003.0
27924,1435993718749,972.0
27925,1435993718768,972.0
27926,1435993718788,915.0
27927,1435993718809,915.0
27928,1435993718828,871.0
27929,1435993718848,871.0
27930,1435993718868,879.0
27931,1435993718889,879.0
27932,1435993718920,868.0
27933,1435993718930,868.0
27934,1435993718947,806.0
27935,1435993718967,691.0
27936,1435993718988,691.0
27937,1435993719007,641.0
27938,1435993719028,641.0
27939,1435993719052,652.0
27940,1435993719068,652.0
27941,1435993719089,675.0
27942,1435993719108,675.0
27943,1435993719127,690.0
27944,1435993719150,690.0
27945,1435993719172,713.0
27946,1435993719189,753.0
27947,1435993719210,753.0
27948,1435993719229,800.0
27949,1435993719250,800.0
27950,1435993719272,826.0
27951,1435993719289,826.0
27952,1435993719312,823.0
27953,1435993719329,823.0
27954,1435993719349,795.0
27955,1435993719370,795.0
27956,1435993719390,747.0
27957,1435993719411,707.0
27958,1435993719429,707.0
27959,1435993719451,710.0
27960,1435993719472,710.0
27961,1435993719491,685.0
27962,1435993719519,685.0
27963,1435993719589,666.0
27964,1435993719590,666.0
27965,1435993719591,688.0
27966,1435993719592,688.0
27967,1435993719609,722.0
27968,1435993719630,908.0
27969,1435993719649,908.0
27970,1435993719674,1760.0
27971,1435993719689,1760.0
27972,1435993719710,2079.0
27973,1435993719730,2079.0
27974,1435993719751,1653.0
27975,1435993719772,1653.0
27976,1435993719792,1364.0
27977,1435993719812,1364.0
27978,1435993719829,1159.0
27979,1435993719851,1015.0
27980,1435993719872,1015.0
27981,1435993719891,960.0
27982,1435993719912,960.0
27983,1435993719929,950.0
27984,1435993719951,950.0
27985,1435993719976,915.0
27986,1435993719992,915.0
27987,1435993720012,894.0
27988,1435993720031,894.0
27989,1435993720053,903.0
27990,1435993720073,877.0
27991,1435993720091,877.0
27992,1435993720112,773.0
27993,1435993720130,773.0
27994,1435993720152,683.0
27995,1435993720173,683.0
27996,1435993720193,656.0
27997,1435993720211,656.0
27998,1435993720331,656.0
27999,1435993720332,656.0
28000,1435993720333,656.0
28001,1435993720334,657.0
28002,1435993720335,657.0
28003,1435993720336,687.0
28004,1435993720351,687.0
28005,1435993720370,716.0
28006,1435993720390,716.0
28007,1435993720410,730.0
28008,1435993720431,730.0
28009,1435993720450,748.0
28010,1435993720471,748.0
28011,1435993720492,771.0
28012,1435993720513,748.0
28013,1435993720530,748.0
28014,1435993720552,663.0
28015,1435993720573,663.0
28016,1435993720594,623.0
28017,1435993720612,623.0
28018,1435993720633,615.0
28019,1435993720654,615.0
28020,1435993720673,595.0
28021,1435993720693,595.0
28022,1435993720745,603.0
28023,1435993720746,624.0
28024,1435993720750,624.0
28025,1435993720773,667.0
28026,1435993720790,667.0
28027,1435993720810,1053.0
28028,1435993720831,1053.0
28029,1435993720856,1831.0
28030,1435993720875,1831.0
28031,1435993720896,1687.0
28032,1435993720912,1687.0
28033,1435993720930,1308.0
28034,1435993720950,1121.0
28035,1435993720970,1121.0
28036,1435993720993,946.0
28037,1435993721012,946.0
28038,1435993721096,863.0
28039,1435993721097,863.0
28040,1435993721098,845.0
28041,1435993721099,845.0
28042,1435993721112,831.0
28043,1435993721130,831.0
28044,1435993721150,809.0
28045,1435993721171,809.0
28046,1435993721192,809.0
28047,1435993721211,779.0
28048,1435993721243,779.0
28049,1435993721272,729.0
28050,1435993721278,729.0
28051,1435993721290,650.0
28052,1435993721311,650.0
28053,1435993721330,604.0
28054,1435993721354,604.0
28055,1435993721373,590.0
28056,1435993721394,583.0
28057,1435993721413,583.0
28058,1435993721434,569.0
28059,1435993721454,569.0
28060,1435993721474,590.0
28061,1435993721492,590.0
28062,1435993721513,644.0
28063,1435993721534,644.0
28064,1435993721551,692.0
28065,1435993721572,692.0
28066,1435993721591,735.0
28067,1435993721617,759.0
28068,1435993721634,759.0
28069,1435993721654,738.0
28070,1435993721674,738.0
28071,1435993721692,669.0
28072,1435993721711,669.0
28073,1435993721732,632.0
28074,1435993721752,632.0
28075,1435993721774,634.0
28076,1435993721829,634.0
28077,1435993721830,601.0
28078,1435993721842,592.0
28079,1435993721851,592.0
28080,1435993721881,617.0
28081,1435993721894,617.0
28082,1435993721911,659.0
28083,1435993721933,659.0
28084,1435993721967,952.0
28085,1435993721972,952.0
28086,1435993721992,2037.0
28087,1435993722011,2037.0
28088,1435993722031,2302.0
28089,1435993722051,1782.0
28090,1435993722074,1782.0
28091,1435993722091,1467.0
28092,1435993722111,1467.0
28093,1435993722131,1202.0
28094,1435993722151,1202.0
28095,1435993722174,1026.0
28096,1435993722193,1026.0
28097,1435993722216,950.0
28098,1435993722231,950.0
28099,1435993722254,921.0
28100,1435993722274,882.0
28101,1435993722294,882.0
28102,1435993722313,859.0
28103,1435993722333,859.0
28104,1435993722353,894.0
28105,1435993722373,894.0
28106,1435993722393,906.0
28107,1435993722415,906.0
28108,1435993722434,894.0
28109,1435993722454,894.0
28110,1435993722472,737.0
28111,1435993722497,643.0
28112,1435993722528,643.0
28113,1435993722534,636.0
28114,1435993722552,636.0
28115,1435993722573,652.0
28116,1435993722592,652.0
28117,1435993722613,665.0
28118,1435993722634,665.0
28119,1435993722652,680.0
28120,1435993722675,680.0
28121,1435993722695,711.0
28122,1435993722715,764.0
28123,1435993722738,764.0
28124,1435993722753,807.0
28125,1435993722775,807.0
28126,1435993722795,821.0
28127,1435993722815,821.0
28128,1435993722835,793.0
28129,1435993722855,793.0
28130,1435993722876,698.0
28131,1435993722892,698.0
28132,1435993722915,653.0
28133,1435993722936,651.0
28134,1435993722955,651.0
28135,1435993722975,620.0
28136,1435993722995,620.0
28137,1435993723015,621.0
28138,1435993723035,621.0
28139,1435993723055,647.0
28140,1435993723075,647.0
28141,1435993723096,699.0
28142,1435993723116,699.0
28143,1435993723135,1131.0
28144,1435993723155,2018.0
28145,1435993723218,2018.0
28146,1435993723219,1952.0
28147,1435993723220,1952.0
28148,1435993723258,1491.0
28149,1435993723259,1491.0
28150,1435993723273,1238.0
28151,1435993723295,1238.0
28152,1435993723318,1031.0
28153,1435993723346,1031.0
28154,1435993723354,910.0
28155,1435993723374,867.0
28156,1435993723396,867.0
28157,1435993723414,850.0
28158,1435993723433,850.0
28159,1435993723456,811.0
28160,1435993723476,811.0
28161,1435993723496,817.0
28162,1435993723516,817.0
28163,1435993723536,833.0
28164,1435993723556,833.0
28165,1435993723576,806.0
28166,1435993723596,720.0
28167,1435993723616,720.0
28168,1435993723634,631.0
28169,1435993723654,631.0
28170,1435993723676,594.0
28171,1435993725202,594.0
28172,1435993725203,574.0
28173,1435993725204,574.0
28174,1435993725205,551.0
28175,1435993725206,551.0
28176,1435993725207,565.0
28177,1435993725208,623.0
28178,1435993725209,623.0
28179,1435993725210,673.0
28180,1435993725211,673.0
28181,1435993725212,708.0
28182,1435993725213,708.0
28183,1435993725214,750.0
28184,1435993725215,750.0
28185,1435993725216,773.0
28186,1435993725217,773.0
28187,1435993725218,716.0
28188,1435993725219,601.0
28189,1435993725220,601.0
28190,1435993725221,557.0
28191,1435993725222,557.0
28192,1435993725223,550.0
28193,1435993725224,550.0
28194,1435993725225,522.0
28195,1435993725226,522.0
28196,1435993725227,523.0
28197,1435993725228,523.0
28198,1435993725229,553.0
28199,1435993725230,628.0
28200,1435993725231,628.0
28201,1435993725232,1114.0
28202,1435993725233,1114.0
28203,1435993725234,2007.0
28204,1435993725235,2007.0
28205,1435993725236,1973.0
28206,1435993725237,1973.0
28207,1435993725238,1510.0
28208,1435993725239,1510.0
28209,1435993725240,1251.0
28210,1435993725241,1019.0
28211,1435993725242,1019.0
28212,1435993725243,886.0
28213,1435993725244,886.0
28214,1435993725245,842.0
28215,1435993725246,842.0
28216,1435993725247,816.0
28217,1435993725248,816.0
28218,1435993725249,774.0
28219,1435993725250,774.0
28220,1435993725251,773.0
28221,1435993725252,823.0
28222,1435993725253,823.0
28223,1435993725254,827.0
28224,1435993725255,827.0
28225,1435993725256,804.0
28226,1435993725257,804.0
28227,1435993725258,693.0
28228,1435993725259,693.0
28229,1435993725260,613.0
28230,1435993725261,613.0
28231,1435993725262,593.0
28232,1435993725263,596.0
28233,1435993725264,596.0
28234,1435993725265,595.0
28235,1435993725266,595.0
28236,1435993725267,598.0
28237,1435993725268,598.0
28238,1435993725269,634.0
28239,1435993725270,634.0
28240,1435993725271,678.0
28241,1435993725272,678.0
28242,1435993725273,719.0
28243,1435993725274,750.0
28244,1435993725275,750.0
28245,1435993725276,725.0
28246,1435993725277,725.0
28247,1435993725278,632.0
28248,1435993725279,632.0
28249,1435993725280,583.0
28250,1435993725281,583.0
28251,1435993725293,572.0
28252,1435993725313,572.0
28253,1435993725333,541.0
28254,1435993725353,541.0
28255,1435993725373,541.0
28256,1435993725395,571.0
28257,1435993725413,571.0
28258,1435993725433,632.0
28259,1435993725457,632.0
28260,1435993725475,1026.0
28261,1435993725494,1026.0
28262,1435993725518,1913.0
28263,1435993725538,1913.0
28264,1435993725556,2021.0
28265,1435993725578,2060.0
28266,1435993725598,1566.0
28267,1435993725615,1302.0
28268,1435993725635,1302.0
28269,1435993725656,1070.0
28270,1435993725678,1070.0
28271,1435993725698,919.0
28272,1435993725718,919.0
28273,1435993725736,861.0
28274,1435993725763,861.0
28275,1435993725830,831.0
28276,1435993725831,784.0
28277,1435993725835,784.0
28278,1435993725836,768.0
28279,1435993725855,768.0
28280,1435993725875,808.0
28281,1435993725895,808.0
28282,1435993725915,819.0
28283,1435993725936,819.0
28284,1435993725958,793.0
28285,1435993725976,793.0
28286,1435993725995,647.0
28287,1435993726017,536.0
28288,1435993726038,536.0
28289,1435993726058,494.0
28290,1435993726078,494.0
28291,1435993726098,471.0
28292,1435993726119,471.0
28293,1435993726138,445.0
28294,1435993726158,445.0
28295,1435993726178,451.0
28296,1435993726198,451.0
28297,1435993726219,524.0
28298,1435993726241,617.0
28299,1435993726256,617.0
28300,1435993726279,705.0
28301,1435993726296,705.0
28302,1435993726316,743.0
28303,1435993726336,743.0
28304,1435993726359,691.0
28305,1435993726379,691.0
28306,1435993726398,581.0
28307,1435993726416,581.0
28308,1435993726437,484.0
28309,1435993726457,468.0
28310,1435993726477,468.0
28311,1435993726505,425.0
28312,1435993726568,425.0
28313,1435993726569,402.0
28314,1435993726570,402.0
28315,1435993726576,426.0
28316,1435993726604,426.0
28317,1435993726616,445.0
28318,1435993726637,445.0
28319,1435993726657,508.0
28320,1435993726677,663.0
28321,1435993726697,663.0
28322,1435993726716,697.0
28323,1435993726739,697.0
28324,1435993726759,600.0
28325,1435993726779,600.0
28326,1435993726799,528.0
28327,1435993726816,528.0
28328,1435993726836,469.0
28329,1435993726858,469.0
28330,1435993726876,421.0
28331,1435993726896,421.0
28332,1435993726919,390.0
28333,1435993726940,365.0
28334,1435993726957,365.0
28335,1435993726979,335.0
28336,1435993726999,335.0
28337,1435993727020,303.0
28338,1435993727041,303.0
28339,1435993727059,289.0
28340,1435993727079,289.0
28341,1435993727099,298.0
28342,1435993727118,298.0
28343,1435993727139,330.0
28344,1435993727160,348.0
28345,1435993727179,348.0
28346,1435993727200,340.0
28347,1435993727301,340.0
28348,1435993727302,355.0
28349,1435993727303,355.0
28350,1435993727304,401.0
28351,1435993727305,401.0
28352,1435993727328,451.0
28353,1435993727336,451.0
28354,1435993727356,497.0
28355,1435993727376,565.0
28356,1435993727396,565.0
28357,1435993727416,637.0
28358,1435993727437,637.0
28359,1435993727464,687.0
28360,1435993727478,687.0
28361,1435993727498,735.0
28362,1435993727520,735.0
28363,1435993727538,744.0
28364,1435993727559,744.0
28365,1435993727580,678.0
28366,1435993727600,549.0
28367,1435993727619,549.0
28368,1435993727640,494.0
28369,1435993727660,494.0
28370,1435993727680,512.0
28371,1435993727697,512.0
28372,1435993727720,485.0
28373,1435993727740,485.0
28374,1435993727760,483.0
28375,1435993727780,483.0
28376,1435993727799,524.0
28377,1435993727819,589.0
28378,1435993727839,589.0
28379,1435993727860,1074.0
28380,1435993727880,1074.0
28381,1435993727900,1768.0
28382,1435993727919,1768.0
28383,1435993727939,1589.0
28384,1435993727957,1589.0
28385,1435993727980,1229.0
28386,1435993728043,1229.0
28387,1435993728044,1031.0
28388,1435993728045,861.0
28389,1435993728058,861.0
28390,1435993728082,781.0
28391,1435993728098,781.0
28392,1435993728117,766.0
28393,1435993728138,766.0
28394,1435993728158,777.0
28395,1435993728179,777.0
28396,1435993728200,766.0
28397,1435993728218,766.0
28398,1435993728240,792.0
28399,1435993728257,815.0
28400,1435993728279,815.0
28401,1435993728297,792.0
28402,1435993728319,792.0
28403,1435993728338,728.0
28404,1435993728358,728.0
28405,1435993728379,652.0
28406,1435993728400,652.0
28407,1435993728419,614.0
28408,1435993728440,614.0
28409,1435993728461,578.0
28410,1435993728481,534.0
28411,1435993728501,534.0
28412,1435993728518,499.0
28413,1435993728538,499.0
28414,1435993728560,508.0
28415,1435993728580,508.0
28416,1435993728601,550.0
28417,1435993728619,550.0
28418,1435993728639,594.0
28419,1435993728658,594.0
28420,1435993728679,632.0
28421,1435993728698,627.0
28422,1435993728778,627.0
28423,1435993728779,553.0
28424,1435993728780,553.0
28425,1435993728781,472.0
28426,1435993728798,472.0
28427,1435993728819,403.0
28428,1435993728838,403.0
28429,1435993728858,398.0
28430,1435993728879,398.0
28431,1435993728901,370.0
28432,1435993728919,338.0
28433,1435993728939,338.0
28434,1435993728961,362.0
28435,1435993728979,362.0
28436,1435993729001,392.0
28437,1435993729018,392.0
28438,1435993729039,462.0
28439,1435993729061,462.0
28440,1435993729081,859.0
28441,1435993729101,859.0
28442,1435993729119,1129.0
28443,1435993729139,933.0
28444,1435993729159,933.0
28445,1435993729181,716.0
28446,1435993729200,716.0
28447,1435993729218,593.0
28448,1435993729248,593.0
28449,1435993729261,512.0
28450,1435993729281,512.0
28451,1435993729300,466.0
28452,1435993729320,466.0
28453,1435993729338,439.0
28454,1435993729358,422.0
28455,1435993729379,422.0
28456,1435993729399,415.0
28457,1435993729425,415.0
28458,1435993729479,407.0
28459,1435993729480,407.0
28460,1435993729481,425.0
28461,1435993729508,425.0
28462,1435993729518,464.0
28463,1435993729541,464.0
28464,1435993729558,491.0
28465,1435993729578,444.0
28466,1435993729598,444.0
28467,1435993729620,372.0
28468,1435993729640,372.0
28469,1435993729659,312.0
28470,1435993729681,312.0
28471,1435993729698,270.0
28472,1435993729718,270.0
28473,1435993729740,252.0
28474,1435993729762,252.0
28475,1435993729779,282.0
28476,1435993729802,364.0
28477,1435993729818,364.0
28478,1435993729840,483.0
28479,1435993729862,483.0
28480,1435993729880,587.0
28481,1435993729900,587.0
28482,1435993729918,645.0
28483,1435993729939,645.0
28484,1435993729961,590.0
28485,1435993729979,590.0
28486,1435993730001,483.0
28487,1435993730021,383.0
28488,1435993730042,383.0
28489,1435993730061,380.0
28490,1435993730081,380.0
28491,1435993730101,340.0
28492,1435993730120,340.0
28493,1435993730140,297.0
28494,1435993730163,297.0
28495,1435993730233,304.0
28496,1435993730234,304.0
28497,1435993730235,315.0
28498,1435993730282,339.0
28499,1435993730283,339.0
28500,1435993730284,450.0
28501,1435993730301,450.0
28502,1435993730319,505.0
28503,1435993730339,505.0
28504,1435993730359,431.0
28505,1435993730381,431.0
28506,1435993730401,361.0
28507,1435993730419,361.0
28508,1435993730440,310.0
28509,1435993730460,265.0
28510,1435993730481,265.0
28511,1435993730501,238.0
28512,1435993730521,238.0
28513,1435993730543,218.0
28514,1435993730563,218.0
28515,1435993730581,197.0
28516,1435993730603,197.0
28517,1435993730623,175.0
28518,1435993730642,175.0
28519,1435993730661,169.0
28520,1435993730681,193.0
28521,1435993730702,193.0
28522,1435993730749,239.0
28523,1435993730750,239.0
28524,1435993730760,276.0
28525,1435993730786,276.0
28526,1435993730802,287.0
28527,1435993730828,287.0
28528,1435993730842,278.0
28529,1435993730859,278.0
28530,1435993730880,255.0
28531,1435993730900,240.0
28532,1435993730922,240.0
28533,1435993730944,281.0
28534,1435993731007,281.0
28535,1435993731008,364.0
28536,1435993731009,364.0
28537,1435993731020,455.0
28538,1435993731042,455.0
28539,1435993731062,542.0
28540,1435993731080,542.0
28541,1435993731103,594.0
28542,1435993731120,549.0
28543,1435993731143,549.0
28544,1435993731160,453.0
28545,1435993731184,453.0
28546,1435993731202,383.0
28547,1435993731223,383.0
28548,1435993731249,359.0
28549,1435993731264,359.0
28550,1435993731282,350.0
28551,1435993731305,350.0
28552,1435993731322,299.0
28553,1435993731340,280.0
28554,1435993731363,280.0
28555,1435993731382,312.0
28556,1435993731404,312.0
28557,1435993731423,343.0
28558,1435993731444,343.0
28559,1435993731463,426.0
28560,1435993731484,426.0
28561,1435993731504,529.0
28562,1435993731523,529.0
28563,1435993731544,490.0
28564,1435993731564,409.0
28565,1435993731583,409.0
28566,1435993731604,361.0
28567,1435993731622,361.0
28568,1435993731644,315.0
28569,1435993731662,315.0
28570,1435993731731,279.0
28571,1435993731732,279.0
28572,1435993731733,254.0
28573,1435993731741,254.0
28574,1435993731762,231.0
28575,1435993731783,211.0
28576,1435993731801,211.0
28577,1435993731827,203.0
28578,1435993731842,203.0
28579,1435993731862,206.0
28580,1435993731881,206.0
28581,1435993731902,234.0
28582,1435993731921,234.0
28583,1435993731944,290.0
28584,1435993731964,290.0
28585,1435993731984,335.0
28586,1435993732004,330.0
28587,1435993732024,330.0
28588,1435993732044,321.0
28589,1435993732064,321.0
28590,1435993732084,336.0
28591,1435993732105,336.0
28592,1435993732123,367.0
28593,1435993732144,367.0
28594,1435993732162,391.0
28595,1435993732182,391.0
28596,1435993732206,420.0
28597,1435993732224,508.0
28598,1435993732242,508.0
28599,1435993732282,621.0
28600,1435993732288,621.0
28601,1435993732301,692.0
28602,1435993732321,692.0
28603,1435993732341,675.0
28604,1435993732371,675.0
28605,1435993732428,578.0
28606,1435993732429,578.0
28607,1435993732430,477.0
28608,1435993732442,464.0
28609,1435993732461,464.0
28610,1435993732483,424.0
28611,1435993732502,424.0
28612,1435993732521,390.0
28613,1435993732543,390.0
28614,1435993732562,414.0
28615,1435993732584,414.0
28616,1435993732602,429.0
28617,1435993732622,429.0
28618,1435993732644,452.0
28619,1435993732665,548.0
28620,1435993732685,548.0
28621,1435993732705,625.0
28622,1435993732724,625.0
28623,1435993732745,578.0
28624,1435993732765,578.0
28625,1435993732785,498.0
28626,1435993732805,498.0
28627,1435993732825,443.0
28628,1435993732842,443.0
28629,1435993732865,395.0
28630,1435993732884,356.0
28631,1435993732904,356.0
28632,1435993732923,323.0
28633,1435993732945,323.0
28634,1435993732966,287.0
28635,1435993732985,287.0
28636,1435993733005,261.0
28637,1435993733024,261.0
28638,1435993733044,252.0
28639,1435993733064,252.0
28640,1435993733084,284.0
28641,1435993733105,350.0
28642,1435993733174,350.0
28643,1435993733175,409.0
28644,1435993733176,409.0
28645,1435993733184,408.0
28646,1435993733205,408.0
28647,1435993733233,372.0
28648,1435993733249,372.0
28649,1435993733302,351.0
28650,1435993733303,351.0
28651,1435993733304,364.0
28652,1435993733322,377.0
28653,1435993733344,377.0
28654,1435993733364,410.0
28655,1435993733385,410.0
28656,1435993733405,463.0
28657,1435993733426,463.0
28658,1435993733445,520.0
28659,1435993733465,520.0
28660,1435993733485,561.0
28661,1435993733505,561.0
28662,1435993733526,595.0
28663,1435993733545,587.0
28664,1435993733565,587.0
28665,1435993733586,554.0
28666,1435993733604,554.0
28667,1435993733626,535.0
28668,1435993733645,535.0
28669,1435993733665,530.0
28670,1435993733685,530.0
28671,1435993733706,484.0
28672,1435993733726,484.0
28673,1435993733747,446.0
28674,1435993733766,466.0
28675,1435993733785,466.0
28676,1435993733804,488.0
28677,1435993733824,488.0
28678,1435993733844,516.0
28679,1435993733863,516.0
28680,1435993733916,643.0
28681,1435993733928,643.0
28682,1435993733929,737.0
28683,1435993733943,737.0
28684,1435993733965,662.0
28685,1435993733983,573.0
28686,1435993734004,573.0
28687,1435993734026,506.0
28688,1435993734043,506.0
28689,1435993734064,448.0
28690,1435993734084,448.0
28691,1435993734103,399.0
28692,1435993734123,399.0
28693,1435993734146,358.0
28694,1435993734167,358.0
28695,1435993734186,315.0
28696,1435993734203,272.0
28697,1435993734225,272.0
28698,1435993734247,251.0
28699,1435993734265,251.0
28700,1435993734283,278.0
28701,1435993734308,278.0
28702,1435993734325,334.0
28703,1435993734343,334.0
28704,1435993734363,372.0
28705,1435993734383,372.0
28706,1435993734405,382.0
28707,1435993734426,401.0
28708,1435993734446,401.0
28709,1435993734466,436.0
28710,1435993734486,436.0
28711,1435993734506,450.0
28712,1435993734526,450.0
28713,1435993734546,454.0
28714,1435993734566,454.0
28715,1435993734590,497.0
28716,1435993734665,497.0
28717,1435993734666,548.0
28718,1435993734667,577.0
28719,1435993734668,577.0
28720,1435993734686,613.0
28721,1435993734706,613.0
28722,1435993734723,631.0
28723,1435993734748,631.0
28724,1435993734775,589.0
28725,1435993734785,589.0
28726,1435993734804,521.0
28727,1435993734825,521.0
28728,1435993734847,440.0
28729,1435993734867,448.0
28730,1435993734887,448.0
28731,1435993734907,432.0
28732,1435993734926,432.0
28733,1435993734947,408.0
28734,1435993734967,408.0
28735,1435993734987,444.0
28736,1435993735007,444.0
28737,1435993735028,490.0
28738,1435993735045,490.0
28739,1435993735067,574.0
28740,1435993735087,1001.0
28741,1435993735106,1001.0
28742,1435993735126,1460.0
28743,1435993735147,1460.0
28744,1435993735168,1327.0
28745,1435993735191,1327.0
28746,1435993735207,1065.0
28747,1435993735225,1065.0
28748,1435993735257,922.0
28749,1435993735266,922.0
28750,1435993735288,785.0
28751,1435993735314,724.0
28752,1435993735368,724.0
28753,1435993735369,712.0
28754,1435993735370,712.0
28755,1435993735384,708.0
28756,1435993735404,708.0
28757,1435993735424,695.0
28758,1435993735449,695.0
28759,1435993735465,730.0
28760,1435993735485,730.0
28761,1435993735506,791.0
28762,1435993735525,868.0
28763,1435993735545,868.0
28764,1435993735564,872.0
28765,1435993735585,872.0
28766,1435993735607,803.0
28767,1435993735627,803.0
28768,1435993735647,772.0
28769,1435993735668,772.0
28770,1435993735687,723.0
28771,1435993735707,723.0
28772,1435993735728,628.0
28773,1435993735748,508.0
28774,1435993735768,508.0
28775,1435993735788,416.0
28776,1435993735806,416.0
28777,1435993735828,391.0
28778,1435993735848,391.0
28779,1435993735868,400.0
28780,1435993735887,400.0
28781,1435993735907,412.0
28782,1435993735928,412.0
28783,1435993735948,408.0
28784,1435993735968,349.0
28785,1435993735988,349.0
28786,1435993736006,279.0
28787,1435993736027,279.0
28788,1435993736046,269.0
28789,1435993736065,269.0
28790,1435993736132,256.0
28791,1435993736133,256.0
28792,1435993736134,249.0
28793,1435993736145,249.0
28794,1435993736168,258.0
28795,1435993736215,271.0
28796,1435993736216,271.0
28797,1435993736251,289.0
28798,1435993736254,289.0
28799,1435993736265,360.0
28800,1435993736286,360.0
28801,1435993736306,520.0
28802,1435993736325,520.0
28803,1435993736346,506.0
28804,1435993736368,506.0
28805,1435993736388,419.0
28806,1435993736408,361.0
28807,1435993736429,361.0
28808,1435993736448,323.0
28809,1435993736468,323.0
28810,1435993736488,304.0
28811,1435993736506,304.0
28812,1435993737990,298.0
28813,1435993737991,298.0
28814,1435993737992,297.0
28815,1435993737993,297.0
28816,1435993737994,298.0
28817,1435993737995,305.0
28818,1435993737996,305.0
28819,1435993737997,327.0
28820,1435993737998,327.0
28821,1435993737999,360.0
28822,1435993738000,360.0
28823,1435993738001,374.0
28824,1435993738002,374.0
28825,1435993738003,345.0
28826,1435993738004,345.0
28827,1435993738005,282.0
28828,1435993738006,228.0
28829,1435993738007,228.0
28830,1435993738008,190.0
28831,1435993738009,190.0
28832,1435993738010,161.0
28833,1435993738011,161.0
28834,1435993738012,153.0
28835,1435993738013,153.0
28836,1435993738014,169.0
28837,1435993738015,169.0
28838,1435993738016,199.0
28839,1435993738017,223.0
28840,1435993738018,223.0
28841,1435993738019,245.0
28842,1435993738020,245.0
28843,1435993738021,246.0
28844,1435993738022,246.0
28845,1435993738023,208.0
28846,1435993738024,208.0
28847,1435993738025,180.0
28848,1435993738026,180.0
28849,1435993738027,179.0
28850,1435993738028,165.0
28851,1435993738029,165.0
28852,1435993738030,162.0
28853,1435993738031,162.0
28854,1435993738032,160.0
28855,1435993738033,160.0
28856,1435993738034,153.0
28857,1435993738035,153.0
28858,1435993738036,153.0
28859,1435993738037,153.0
28860,1435993738038,161.0
28861,1435993738039,191.0
28862,1435993738040,191.0
28863,1435993738041,226.0
28864,1435993738042,226.0
28865,1435993738043,214.0
28866,1435993738044,214.0
28867,1435993738045,185.0
28868,1435993738046,185.0
28869,1435993738047,163.0
28870,1435993738048,163.0
28871,1435993738049,147.0
28872,1435993738050,136.0
28873,1435993738051,136.0
28874,1435993738052,130.0
28875,1435993738053,130.0
28876,1435993738054,126.0
28877,1435993738055,126.0
28878,1435993738056,121.0
28879,1435993738057,121.0
28880,1435993738058,122.0
28881,1435993738059,122.0
28882,1435993738060,121.0
28883,1435993738061,122.0
28884,1435993738062,122.0
28885,1435993738063,122.0
28886,1435993738064,122.0
28887,1435993738065,111.0
28888,1435993738066,111.0
28889,1435993738067,98.0
28890,1435993738085,98.0
28891,1435993738105,90.0
28892,1435993738125,90.0
28893,1435993738146,89.0
28894,1435993738165,96.0
28895,1435993738185,96.0
28896,1435993738205,115.0
28897,1435993738225,115.0
28898,1435993738248,146.0
28899,1435993738268,146.0
28900,1435993738286,180.0
28901,1435993738308,180.0
28902,1435993738331,213.0
28903,1435993738348,213.0
28904,1435993738368,228.0
28905,1435993738388,206.0
28906,1435993738407,206.0
28907,1435993738427,175.0
28908,1435993738450,175.0
28909,1435993738471,157.0
28910,1435993738491,157.0
28911,1435993738508,150.0
28912,1435993738527,150.0
28913,1435993738555,139.0
28914,1435993738628,139.0
28915,1435993738629,132.0
28916,1435993738630,127.0
28917,1435993738631,127.0
28918,1435993738649,125.0
28919,1435993738672,125.0
28920,1435993738687,134.0
28921,1435993738707,134.0
28922,1435993738729,172.0
28923,1435993738749,172.0
28924,1435993738770,195.0
28925,1435993738789,195.0
28926,1435993738808,169.0
28927,1435993738830,141.0
28928,1435993738848,141.0
28929,1435993738869,124.0
28930,1435993738891,124.0
28931,1435993738908,110.0
28932,1435993738929,110.0
28933,1435993738951,101.0
28934,1435993738971,101.0
28935,1435993738991,96.0
28936,1435993739010,96.0
28937,1435993739029,92.0
28938,1435993739051,87.0
28939,1435993739070,87.0
28940,1435993739090,85.0
28941,1435993739108,85.0
28942,1435993739131,85.0
28943,1435993739152,85.0
28944,1435993739171,86.0
28945,1435993739194,86.0
28946,1435993739208,90.0
28947,1435993739230,90.0
28948,1435993739257,87.0
28949,1435993739269,78.0
28950,1435993739328,78.0
28951,1435993739329,73.0
28952,1435993739330,73.0
28953,1435993739350,73.0
28954,1435993739368,73.0
28955,1435993739390,75.0
28956,1435993739409,75.0
28957,1435993739428,84.0
28958,1435993739448,84.0
28959,1435993739468,104.0
28960,1435993739488,134.0
28961,1435993739509,134.0
28962,1435993739529,168.0
28963,1435993739549,168.0
28964,1435993739569,191.0
28965,1435993739591,191.0
28966,1435993739611,183.0
28967,1435993739629,183.0
28968,1435993739651,160.0
28969,1435993739671,160.0
28970,1435993739691,145.0
28971,1435993739711,137.0
28972,1435993739729,137.0
28973,1435993739750,129.0
28974,1435993739772,129.0
28975,1435993739791,124.0
28976,1435993739811,124.0
28977,1435993739829,117.0
28978,1435993739851,117.0
28979,1435993739871,111.0
28980,1435993739891,111.0
28981,1435993739911,110.0
28982,1435993739929,121.0
28983,1435993739953,121.0
28984,1435993739969,143.0
28985,1435993739990,143.0
28986,1435993740019,137.0
28987,1435993740080,137.0
28988,1435993740081,115.0
28989,1435993740082,115.0
28990,1435993740100,101.0
28991,1435993740109,101.0
28992,1435993740135,91.0
28993,1435993740149,83.0
28994,1435993740169,83.0
28995,1435993740192,78.0
28996,1435993740209,78.0
28997,1435993740232,74.0
28998,1435993740249,74.0
28999,1435993740270,69.0
29000,1435993740289,69.0
29001,1435993740310,66.0
29002,1435993740332,66.0
29003,1435993740350,62.0
29004,1435993740371,58.0
29005,1435993740392,58.0
29006,1435993740410,56.0
29007,1435993740432,56.0
29008,1435993740452,52.0
29009,1435993740471,52.0
29010,1435993740490,47.0
29011,1435993740509,47.0
29012,1435993740557,45.0
29013,1435993740558,45.0
29014,1435993740575,48.0
29015,1435993740589,56.0
29016,1435993740609,56.0
29017,1435993740629,71.0
29018,1435993740650,71.0
29019,1435993740669,93.0
29020,1435993740690,93.0
29021,1435993740709,117.0
29022,1435993740784,117.0
29023,1435993740785,138.0
29024,1435993740786,138.0
29025,1435993740806,149.0
29026,1435993740815,143.0
29027,1435993740833,143.0
29028,1435993740849,132.0
29029,1435993740869,132.0
29030,1435993740890,128.0
29031,1435993740909,128.0
29032,1435993740931,121.0
29033,1435993740950,121.0
29034,1435993740969,112.0
29035,1435993740990,112.0
29036,1435993741010,106.0
29037,1435993741030,98.0
29038,1435993741050,98.0
29039,1435993741072,91.0
29040,1435993741093,91.0
29041,1435993741111,90.0
29042,1435993741131,90.0
29043,1435993741154,100.0
29044,1435993741174,100.0
29045,1435993741193,119.0
29046,1435993741211,119.0
29047,1435993741231,116.0
29048,1435993741253,97.0
29049,1435993741269,97.0
29050,1435993741293,82.0
29051,1435993741312,82.0
29052,1435993741331,72.0
29053,1435993741350,72.0
29054,1435993741369,64.0
29055,1435993741393,64.0
29056,1435993741413,58.0
29057,1435993741433,58.0
29058,1435993741450,55.0
29059,1435993741473,49.0
29060,1435993741490,49.0
29061,1435993741515,46.0
29062,1435993741529,46.0
29063,1435993741549,43.0
29064,1435993741569,43.0
29065,1435993741589,41.0
29066,1435993741614,41.0
29067,1435993741632,41.0
29068,1435993741651,41.0
29069,1435993741673,39.0
29070,1435993741694,34.0
29071,1435993741713,34.0
29072,1435993741732,33.0
29073,1435993741754,33.0
29074,1435993741773,35.0
29075,1435993741793,35.0
29076,1435993741814,41.0
29077,1435993741833,41.0
29078,1435993741854,54.0
29079,1435993741872,54.0
29080,1435993741893,72.0
29081,1435993741914,98.0
29082,1435993741930,98.0
29083,1435993741950,119.0
29084,1435993741970,119.0
29085,1435993742125,132.0
29086,1435993742126,132.0
29087,1435993742127,132.0
29088,1435993742128,132.0
29089,1435993742129,123.0
29090,1435993742130,123.0
29091,1435993742241,115.0
29092,1435993742242,108.0
29093,1435993742243,108.0
29094,1435993742244,99.0
29095,1435993742245,99.0
29096,1435993742246,94.0
29097,1435993742247,94.0
29098,1435993742451,87.0
29099,1435993742452,87.0
29100,1435993742453,80.0
29101,1435993742454,80.0
29102,1435993742455,75.0
29103,1435993742456,80.0
29104,1435993742457,80.0
29105,1435993742458,100.0
29106,1435993742459,100.0
29107,1435993742460,101.0
29108,1435993742461,101.0
29109,1435993742482,86.0
29110,1435993742491,86.0
29111,1435993742511,72.0
29112,1435993742531,72.0
29113,1435993742555,62.0
29114,1435993742571,54.0
29115,1435993742591,54.0
29116,1435993742611,49.0
29117,1435993742640,49.0
29118,1435993742650,45.0
29119,1435993742670,45.0
29120,1435993742690,41.0
29121,1435993742710,41.0
29122,1435993742730,38.0
29123,1435993742750,38.0
29124,1435993742770,36.0
29125,1435993742790,35.0
29126,1435993742810,35.0
29127,1435993742830,36.0
29128,1435993742850,36.0
29129,1435993742870,35.0
29130,1435993742890,35.0
29131,1435993742911,31.0
29132,1435993742931,31.0
29133,1435993742950,28.0
29134,1435993742970,28.0
29135,1435993742990,30.0
29136,1435993743010,30.0
29137,1435993743030,34.0
29138,1435993743050,43.0
29139,1435993743076,43.0
29140,1435993743095,58.0
29141,1435993743115,58.0
29142,1435993743130,83.0
29143,1435993743154,83.0
29144,1435993743175,110.0
29145,1435993743194,110.0
29146,1435993743214,128.0
29147,1435993743234,128.0
29148,1435993743254,130.0
29149,1435993743274,119.0
29150,1435993743296,119.0
29151,1435993743314,111.0
29152,1435993743334,111.0
29153,1435993743352,103.0
29154,1435993743375,103.0
29155,1435993743395,95.0
29156,1435993743415,95.0
29157,1435993743435,86.0
29158,1435993743453,86.0
29159,1435993743478,80.0
29160,1435993743512,74.0
29161,1435993743513,74.0
29162,1435993743531,69.0
29163,1435993743554,69.0
29164,1435993743571,67.0
29165,1435993743594,67.0
29166,1435993743614,78.0
29167,1435993743634,78.0
29168,1435993743652,90.0
29169,1435993743675,90.0
29170,1435993743695,84.0
29171,1435993743716,72.0
29172,1435993743733,72.0
29173,1435993743755,61.0
29174,1435993743775,61.0
29175,1435993743795,53.0
29176,1435993743815,53.0
29177,1435993743835,47.0
29178,1435993743855,47.0
29179,1435993743876,42.0
29180,1435993743893,42.0
29181,1435993743916,39.0
29182,1435993743936,35.0
29183,1435993743955,35.0
29184,1435993743975,34.0
29185,1435993743996,34.0
29186,1435993744016,32.0
29187,1435993744036,32.0
29188,1435993744056,32.0
29189,1435993744075,32.0
29190,1435993744096,33.0
29191,1435993744117,33.0
29192,1435993744135,31.0
29193,1435993744154,27.0
29194,1435993744218,27.0
29195,1435993744219,25.0
29196,1435993744220,25.0
29197,1435993744267,27.0
29198,1435993744274,27.0
29199,1435993744275,32.0
29200,1435993744295,32.0
29201,1435993744314,42.0
29202,1435993744334,42.0
29203,1435993744353,59.0
29204,1435993744375,85.0
29205,1435993744405,85.0
29206,1435993744413,112.0
29207,1435993744433,112.0
29208,1435993744453,127.0
29209,1435993744476,127.0
29210,1435993744496,123.0
29211,1435993744516,123.0
29212,1435993744536,110.0
29213,1435993744556,110.0
29214,1435993744576,98.0
29215,1435993744596,89.0
29216,1435993744616,89.0
29217,1435993744636,79.0
29218,1435993744656,79.0
29219,1435993744675,72.0
29220,1435993744696,72.0
29221,1435993744716,68.0
29222,1435993744737,68.0
29223,1435993744756,63.0
29224,1435993744775,63.0
29225,1435993744796,58.0
29226,1435993744816,56.0
29227,1435993744836,56.0
29228,1435993744855,63.0
29229,1435993744875,63.0
29230,1435993744895,70.0
29231,1435993744916,70.0
29232,1435993744942,64.0
29233,1435993745008,64.0
29234,1435993745009,55.0
29235,1435993745010,55.0
29236,1435993745017,48.0
29237,1435993745034,42.0
29238,1435993745053,42.0
29239,1435993745074,37.0
29240,1435993745098,37.0
29241,1435993745115,34.0
29242,1435993745135,34.0
29243,1435993745160,32.0
29244,1435993745175,32.0
29245,1435993745200,29.0
29246,1435993745215,29.0
29247,1435993745234,27.0
29248,1435993745255,25.0
29249,1435993745274,25.0
29250,1435993745295,24.0
29251,1435993745314,24.0
29252,1435993745334,24.0
29253,1435993745524,24.0
29254,1435993745525,23.0
29255,1435993745526,23.0
29256,1435993745527,22.0
29257,1435993745528,22.0
29258,1435993745529,21.0
29259,1435993745530,22.0
29260,1435993745531,22.0
29261,1435993745532,27.0
29262,1435993745568,27.0
29263,1435993745569,36.0
29264,1435993745580,36.0
29265,1435993745600,51.0
29266,1435993745614,51.0
29267,1435993745634,75.0
29268,1435993745654,75.0
29269,1435993745716,105.0
29270,1435993745717,128.0
29271,1435993745718,128.0
29272,1435993745733,127.0
29273,1435993745753,127.0
29274,1435993745774,112.0
29275,1435993745794,112.0
29276,1435993745813,97.0
29277,1435993745833,97.0
29278,1435993745853,83.0
29279,1435993745873,83.0
29280,1435993745893,74.0
29281,1435993745913,65.0
29282,1435993745933,65.0
29283,1435993745953,59.0
29284,1435993745973,59.0
29285,1435993745993,54.0
29286,1435993746013,54.0
29287,1435993746033,50.0
29288,1435993746053,50.0
29289,1435993746073,51.0
29290,1435993746093,51.0
29291,1435993746117,59.0
29292,1435993746152,60.0
29293,1435993746155,60.0
29294,1435993746174,51.0
29295,1435993746195,51.0
29296,1435993746217,44.0
29297,1435993746238,44.0
29298,1435993746258,39.0
29299,1435993746275,39.0
29300,1435993746296,35.0
29301,1435993746325,35.0
29302,1435993746335,31.0
29303,1435993746357,29.0
29304,1435993746374,29.0
29305,1435993746396,26.0
29306,1435993746415,26.0
29307,1435993746437,24.0
29308,1435993746455,24.0
29309,1435993746478,22.0
29310,1435993746498,22.0
29311,1435993746518,20.0
29312,1435993746535,20.0
29313,1435993746558,20.0
29314,1435993746578,21.0
29315,1435993746598,21.0
29316,1435993746616,20.0
29317,1435993746638,20.0
29318,1435993746658,19.0
29319,1435993746676,19.0
29320,1435993746699,19.0
29321,1435993746719,19.0
29322,1435993746739,22.0
29323,1435993746758,22.0
29324,1435993746777,29.0
29325,1435993746798,40.0
29326,1435993746818,40.0
29327,1435993746837,57.0
29328,1435993746856,57.0
29329,1435993746878,80.0
29330,1435993746897,80.0
29331,1435993746917,106.0
29332,1435993746936,106.0
29333,1435993746957,122.0
29334,1435993747009,122.0
29335,1435993747010,116.0
29336,1435993747020,101.0
29337,1435993747036,101.0
29338,1435993747055,92.0
29339,1435993747075,92.0
29340,1435993747096,81.0
29341,1435993747118,81.0
29342,1435993747136,72.0
29343,1435993747157,72.0
29344,1435993747179,63.0
29345,1435993747195,63.0
29346,1435993747218,58.0
29347,1435993747236,53.0
29348,1435993747256,53.0
29349,1435993747278,50.0
29350,1435993747295,50.0
29351,1435993747323,50.0
29352,1435993747335,50.0
29353,1435993747357,57.0
29354,1435993747376,57.0
29355,1435993747400,61.0
29356,1435993747416,61.0
29357,1435993747439,53.0
29358,1435993747458,45.0
29359,1435993747478,45.0
29360,1435993747498,39.0
29361,1435993747519,39.0
29362,1435993747539,35.0
29363,1435993747559,35.0
29364,1435993747579,32.0
29365,1435993747599,32.0
29366,1435993747619,29.0
29367,1435993747640,29.0
29368,1435993747657,27.0
29369,1435993747676,24.0
29370,1435993747696,24.0
29371,1435993747719,22.0
29372,1435993747736,22.0
29373,1435993747756,20.0
29374,1435993747776,20.0
29375,1435993747796,19.0
29376,1435993747816,19.0
29377,1435993747843,20.0
29378,1435993747856,20.0
29379,1435993747879,19.0
29380,1435993747901,17.0
29381,1435993747917,17.0
29382,1435993747938,18.0
29383,1435993747958,18.0
29384,1435993747979,21.0
29385,1435993748000,21.0
29386,1435993748019,28.0
29387,1435993748039,28.0
29388,1435993748059,40.0
29389,1435993748079,40.0
29390,1435993748099,57.0
29391,1435993748119,81.0
29392,1435993748139,81.0
29393,1435993748159,108.0
29394,1435993748180,108.0
29395,1435993748203,121.0
29396,1435993748222,121.0
29397,1435993748245,114.0
29398,1435993748260,114.0
29399,1435993748278,99.0
29400,1435993748297,99.0
29401,1435993748320,87.0
29402,1435993748341,77.0
29403,1435993748360,77.0
29404,1435993748377,67.0
29405,1435993748401,67.0
29406,1435993748468,61.0
29407,1435993748469,61.0
29408,1435993748470,56.0
29409,1435993748478,56.0
29410,1435993748523,52.0
29411,1435993748524,52.0
29412,1435993748537,48.0
29413,1435993748557,47.0
29414,1435993748579,47.0
29415,1435993748597,52.0
29416,1435993748618,52.0
29417,1435993748638,56.0
29418,1435993748657,56.0
29419,1435993748679,50.0
29420,1435993748700,50.0
29421,1435993748719,42.0
29422,1435993748740,42.0
29423,1435993748760,37.0
29424,1435993748780,32.0
29425,1435993748800,32.0
29426,1435993748819,29.0
29427,1435993748840,29.0
29428,1435993748858,27.0
29429,1435993748879,27.0
29430,1435993748900,24.0
29431,1435993748919,24.0
29432,1435993748940,22.0
29433,1435993748961,22.0
29434,1435993748980,20.0
29435,1435993749000,18.0
29436,1435993749019,18.0
29437,1435993749040,17.0
29438,1435993749060,17.0
29439,1435993749077,17.0
29440,1435993749098,17.0
29441,1435993749119,17.0
29442,1435993749139,17.0
29443,1435993749222,16.0
29444,1435993749223,16.0
29445,1435993749224,17.0
29446,1435993749229,21.0
29447,1435993749246,21.0
29448,1435993749260,27.0
29449,1435993749283,27.0
29450,1435993749297,39.0
29451,1435993749325,39.0
29452,1435993749337,55.0
29453,1435993749358,55.0
29454,1435993749380,75.0
29455,1435993749397,75.0
29456,1435993749421,100.0
29457,1435993749441,114.0
29458,1435993749461,114.0
29459,1435993749481,105.0
29460,1435993749501,105.0
29461,1435993749518,91.0
29462,1435993749538,91.0
29463,1435993749558,79.0
29464,1435993749578,79.0
29465,1435993749600,70.0
29466,1435993749620,70.0
29467,1435993749639,62.0
29468,1435993749658,59.0
29469,1435993749677,59.0
29470,1435993749698,55.0
29471,1435993749719,55.0
29472,1435993749743,50.0
29473,1435993749765,50.0
29474,1435993749779,47.0
29475,1435993749798,47.0
29476,1435993749818,48.0
29477,1435993749838,48.0
29478,1435993749859,54.0
29479,1435993749882,54.0
29480,1435993749958,54.0
29481,1435993749959,45.0
29482,1435993749960,45.0
29483,1435993749961,38.0
29484,1435993749980,38.0
29485,1435993750000,33.0
29486,1435993750018,33.0
29487,1435993750038,29.0
29488,1435993750059,29.0
29489,1435993750079,26.0
29490,1435993750100,24.0
29491,1435993750119,24.0
29492,1435993750139,21.0
29493,1435993750160,21.0
29494,1435993750182,18.0
29495,1435993750199,18.0
29496,1435993750221,17.0
29497,1435993750245,17.0
29498,1435993750261,16.0
29499,1435993750279,16.0
29500,1435993750301,17.0
29501,1435993750322,17.0
29502,1435993750340,17.0
29503,1435993750359,15.0
29504,1435993750380,15.0
29505,1435993750401,15.0
29506,1435993750421,15.0
29507,1435993750441,17.0
29508,1435993750462,17.0
29509,1435993750481,22.0
29510,1435993750502,22.0
29511,1435993750522,31.0
29512,1435993750542,46.0
29513,1435993750562,46.0
29514,1435993750580,63.0
29515,1435993750600,63.0
29516,1435993750679,84.0
29517,1435993750680,84.0
29518,1435993750681,106.0
29519,1435993750682,106.0
29520,1435993750699,111.0
29521,1435993750719,111.0
29522,1435993750765,99.0
29523,1435993750766,86.0
29524,1435993750779,86.0
29525,1435993750800,75.0
29526,1435993750821,75.0
29527,1435993750840,66.0
29528,1435993750859,66.0
29529,1435993750881,60.0
29530,1435993750902,60.0
29531,1435993750922,58.0
29532,1435993750942,58.0
29533,1435993750962,54.0
29534,1435993750981,49.0
29535,1435993751002,49.0
29536,1435993751022,46.0
29537,1435993751041,46.0
29538,1435993751060,49.0
29539,1435993751082,49.0
29540,1435993751101,53.0
29541,1435993751120,53.0
29542,1435993751140,49.0
29543,1435993751160,49.0
29544,1435993751187,41.0
29545,1435993751199,35.0
29546,1435993751227,35.0
29547,1435993751245,30.0
29548,1435993751261,30.0
29549,1435993751279,27.0
29550,1435993751300,27.0
29551,1435993751323,24.0
29552,1435993751342,24.0
29553,1435993751424,21.0
29554,1435993751425,21.0
29555,1435993751426,19.0
29556,1435993751427,18.0
29557,1435993751442,18.0
29558,1435993751460,16.0
29559,1435993751481,16.0
29560,1435993751499,16.0
29561,1435993751522,16.0
29562,1435993751539,17.0
29563,1435993751563,17.0
29564,1435993751583,16.0
29565,1435993751600,16.0
29566,1435993751623,15.0
29567,1435993751644,15.0
29568,1435993751662,15.0
29569,1435993751684,18.0
29570,1435993751704,18.0
29571,1435993751723,24.0
29572,1435993751743,24.0
29573,1435993751764,36.0
29574,1435993751782,36.0
29575,1435993751804,52.0
29576,1435993751820,52.0
29577,1435993751844,72.0
29578,1435993751863,95.0
29579,1435993751883,95.0
29580,1435993751904,109.0
29581,1435993751923,109.0
29582,1435993751943,100.0
29583,1435993751964,100.0
29584,1435993751983,86.0
29585,1435993752004,86.0
29586,1435993752024,73.0
29587,1435993752044,73.0
29588,1435993752063,65.0
29589,1435993752084,59.0
29590,1435993752138,59.0
29591,1435993752150,54.0
29592,1435993752151,54.0
29593,1435993752160,51.0
29594,1435993752182,51.0
29595,1435993752204,47.0
29596,1435993752221,47.0
29597,1435993752241,44.0
29598,1435993752264,44.0
29599,1435993752282,46.0
29600,1435993752300,50.0
29601,1435993752324,50.0
29602,1435993752344,47.0
29603,1435993752361,47.0
29604,1435993752383,40.0
29605,1435993752404,40.0
29606,1435993752424,35.0
29607,1435993752443,35.0
29608,1435993752464,30.0
29609,1435993752484,30.0
29610,1435993752504,26.0
29611,1435993752524,24.0
29612,1435993752543,24.0
29613,1435993752565,22.0
29614,1435993752581,22.0
29615,1435993752605,20.0
29616,1435993752623,20.0
29617,1435993752645,18.0
29618,1435993752664,18.0
29619,1435993752684,16.0
29620,1435993752704,16.0
29621,1435993752724,15.0
29622,1435993752744,16.0
29623,1435993752765,16.0
29624,1435993752784,16.0
29625,1435993752805,16.0
29626,1435993752824,15.0
29627,1435993752845,15.0
29628,1435993752912,15.0
29629,1435993752913,15.0
29630,1435993752914,16.0
29631,1435993752922,16.0
29632,1435993752949,21.0
29633,1435993752961,30.0
29634,1435993752981,30.0
29635,1435993753005,46.0
29636,1435993753021,46.0
29637,1435993753043,63.0
29638,1435993753062,63.0
29639,1435993753084,83.0
29640,1435993753101,83.0
29641,1435993753124,103.0
29642,1435993753144,103.0
29643,1435993753164,103.0
29644,1435993753188,87.0
29645,1435993753204,87.0
29646,1435993753223,75.0
29647,1435993753242,75.0
29648,1435993753263,68.0
29649,1435993753286,68.0
29650,1435993753304,62.0
29651,1435993753324,62.0
29652,1435993753344,57.0
29653,1435993753362,57.0
29654,1435993753383,53.0
29655,1435993753407,50.0
29656,1435993753425,50.0
29657,1435993753446,46.0
29658,1435993753465,46.0
29659,1435993753484,45.0
29660,1435993753504,45.0
29661,1435993753523,49.0
29662,1435993753544,49.0
29663,1435993753563,48.0
29664,1435993753615,48.0
29665,1435993753616,42.0
29666,1435993753631,36.0
29667,1435993753642,36.0
29668,1435993753664,31.0
29669,1435993753682,31.0
29670,1435993753702,27.0
29671,1435993753723,27.0
29672,1435993753744,24.0
29673,1435993753764,24.0
29674,1435993753783,22.0
29675,1435993753805,22.0
29676,1435993753822,20.0
29677,1435993753845,18.0
29678,1435993753865,18.0
29679,1435993753885,16.0
29680,1435993753905,16.0
29681,1435993753925,15.0
29682,1435993753945,15.0
29683,1435993753965,15.0
29684,1435993753985,15.0
29685,1435993754004,16.0
29686,1435993754025,16.0
29687,1435993754045,15.0
29688,1435993754062,14.0
29689,1435993754084,14.0
29690,1435993754104,15.0
29691,1435993754127,15.0
29692,1435993754150,18.0
29693,1435993754179,18.0
29694,1435993754182,24.0
29695,1435993754205,24.0
29696,1435993754222,38.0
29697,1435993754248,38.0
29698,1435993754277,56.0
29699,1435993754294,76.0
29700,1435993754334,76.0
29701,1435993754335,95.0
29702,1435993754346,95.0
29703,1435993754366,99.0
29704,1435993754382,99.0
29705,1435993754404,86.0
29706,1435993754422,86.0
29707,1435993754445,76.0
29708,1435993754537,76.0
29709,1435993754538,68.0
29710,1435993754539,63.0
29711,1435993754540,63.0
29712,1435993754548,57.0
29713,1435993754564,57.0
29714,1435993754585,54.0
29715,1435993754605,54.0
29716,1435993754625,52.0
29717,1435993754646,52.0
29718,1435993754666,48.0
29719,1435993754686,48.0
29720,1435993754705,45.0
29721,1435993754726,45.0
29722,1435993754746,45.0
29723,1435993754766,47.0
29724,1435993754786,47.0
29725,1435993754805,44.0
29726,1435993754826,44.0
29727,1435993754845,38.0
29728,1435993754865,38.0
29729,1435993754885,33.0
29730,1435993754907,33.0
29731,1435993754927,28.0
29732,1435993754947,25.0
29733,1435993754966,25.0
29734,1435993754985,22.0
29735,1435993755004,22.0
29736,1435993755026,20.0
29737,1435993755045,20.0
29738,1435993755063,18.0
29739,1435993755118,18.0
29740,1435993755119,17.0
29741,1435993755132,17.0
29742,1435993755143,15.0
29743,1435993755168,14.0
29744,1435993755187,14.0
29745,1435993755205,14.0
29746,1435993755223,14.0
29747,1435993755246,14.0
29748,1435993755263,14.0
29749,1435993755286,14.0
29750,1435993755310,14.0
29751,1435993755325,14.0
29752,1435993755346,14.0
29753,1435993755364,15.0
29754,1435993755387,18.0
29755,1435993755407,18.0
29756,1435993755427,25.0
29757,1435993755447,25.0
29758,1435993755467,39.0
29759,1435993755487,39.0
29760,1435993755506,56.0
29761,1435993755527,56.0
29762,1435993755544,72.0
29763,1435993755564,72.0
29764,1435993755583,87.0
29765,1435993755605,88.0
29766,1435993755624,88.0
29767,1435993755649,77.0
29768,1435993755669,77.0
29769,1435993755689,66.0
29770,1435993755707,66.0
29771,1435993755723,60.0
29772,1435993755744,60.0
29773,1435993755764,55.0
29774,1435993755786,55.0
29775,1435993755809,51.0
29776,1435993755871,47.0
29777,1435993755872,47.0
29778,1435993755873,43.0
29779,1435993755884,43.0
29780,1435993755906,40.0
29781,1435993755924,40.0
29782,1435993755944,38.0
29783,1435993755966,38.0
29784,1435993755986,41.0
29785,1435993756006,41.0
29786,1435993756026,39.0
29787,1435993756047,33.0
29788,1435993756064,33.0
29789,1435993756087,29.0
29790,1435993756107,29.0
29791,1435993756128,25.0
29792,1435993756147,25.0
29793,1435993756167,23.0
29794,1435993756189,23.0
29795,1435993756206,21.0
29796,1435993756224,21.0
29797,1435993756246,19.0
29798,1435993756266,18.0
29799,1435993756287,18.0
29800,1435993756306,16.0
29801,1435993756325,16.0
29802,1435993756345,15.0
29803,1435993756365,15.0
29804,1435993756389,13.0
29805,1435993756409,13.0
29806,1435993756428,13.0
29807,1435993756444,13.0
29808,1435993756465,13.0
29809,1435993756486,13.0
29810,1435993756507,13.0
29811,1435993756524,13.0
29812,1435993756580,13.0
29813,1435993756593,14.0
29814,1435993756594,14.0
29815,1435993756605,17.0
29816,1435993756630,17.0
29817,1435993756645,24.0
29818,1435993756666,24.0
29819,1435993756686,37.0
29820,1435993756706,55.0
29821,1435993756726,55.0
29822,1435993756745,72.0
29823,1435993756766,72.0
29824,1435993756785,87.0
29825,1435993756808,87.0
29826,1435993756829,89.0
29827,1435993756848,89.0
29828,1435993756870,79.0
29829,1435993756889,79.0
29830,1435993756909,69.0
29831,1435993756928,63.0
29832,1435993756948,63.0
29833,1435993756969,57.0
29834,1435993756985,57.0
29835,1435993757009,51.0
29836,1435993757029,51.0
29837,1435993757049,49.0
29838,1435993757069,49.0
29839,1435993757089,46.0
29840,1435993757107,46.0
29841,1435993757128,42.0
29842,1435993757149,40.0
29843,1435993757168,40.0
29844,1435993757194,42.0
29845,1435993757211,42.0
29846,1435993757229,40.0
29847,1435993757333,40.0
29848,1435993757334,35.0
29849,1435993757335,35.0
29850,1435993757336,29.0
29851,1435993757337,29.0
29852,1435993757350,26.0
29853,1435993757379,23.0
29854,1435993757385,23.0
29855,1435993757418,21.0
29856,1435993757426,21.0
29857,1435993757446,19.0
29858,1435993757471,19.0
29859,1435993757486,18.0
29860,1435993757508,18.0
29861,1435993757527,16.0
29862,1435993757549,16.0
29863,1435993757569,14.0
29864,1435993757589,13.0
29865,1435993757608,13.0
29866,1435993757626,12.0
29867,1435993757650,12.0
29868,1435993757683,13.0
29869,1435993757685,13.0
29870,1435993757706,12.0
29871,1435993757726,12.0
29872,1435993757748,12.0
29873,1435993757767,12.0
29874,1435993757786,14.0
29875,1435993757806,17.0
29876,1435993757830,17.0
29877,1435993757851,22.0
29878,1435993757871,22.0
29879,1435993757888,33.0
29880,1435993757906,33.0
29881,1435993757926,50.0
29882,1435993757946,50.0
29883,1435993757967,67.0
29884,1435993757990,67.0
29885,1435993758055,83.0
29886,1435993758056,88.0
29887,1435993758057,88.0
29888,1435993758066,79.0
29889,1435993758089,79.0
29890,1435993758106,70.0
29891,1435993758126,70.0
29892,1435993758148,61.0
29893,1435993758167,61.0
29894,1435993758192,55.0
29895,1435993758211,55.0
29896,1435993758229,49.0
29897,1435993758252,45.0
29898,1435993758268,45.0
29899,1435993758286,42.0
29900,1435993758307,42.0
29901,1435993758329,39.0
29902,1435993758349,39.0
29903,1435993758367,36.0
29904,1435993758389,36.0
29905,1435993758409,37.0
29906,1435993758429,37.0
29907,1435993758447,38.0
29908,1435993758468,35.0
29909,1435993758489,35.0
29910,1435993758507,29.0
29911,1435993758526,29.0
29912,1435993758548,26.0
29913,1435993758572,26.0
29914,1435993758586,23.0
29915,1435993758606,23.0
29916,1435993758626,21.0
29917,1435993758647,21.0
29918,1435993758666,20.0
29919,1435993758687,18.0
29920,1435993758708,18.0
29921,1435993758727,17.0
29922,1435993758796,17.0
29923,1435993758797,15.0
29924,1435993758798,15.0
29925,1435993758807,13.0
29926,1435993758833,13.0
29927,1435993758848,12.0
29928,1435993758868,12.0
29929,1435993758888,12.0
29930,1435993758907,12.0
29931,1435993758929,12.0
29932,1435993758948,12.0
29933,1435993758968,12.0
29934,1435993758990,12.0
29935,1435993759010,12.0
29936,1435993759029,15.0
29937,1435993759050,15.0
29938,1435993759070,19.0
29939,1435993759090,19.0
29940,1435993759110,26.0
29941,1435993759129,38.0
29942,1435993759149,38.0
29943,1435993759169,53.0
29944,1435993759189,53.0
29945,1435993759207,68.0
29946,1435993759228,68.0
29947,1435993759247,81.0
29948,1435993759268,81.0
29949,1435993759291,81.0
29950,1435993759310,81.0
29951,1435993759331,72.0
29952,1435993759350,61.0
29953,1435993759368,61.0
29954,1435993759388,55.0
29955,1435993759409,55.0
29956,1435993759429,50.0
29957,1435993759449,50.0
29958,1435993759497,45.0
29959,1435993759498,45.0
29960,1435993759518,42.0
29961,1435993759527,42.0
29962,1435993759551,39.0
29963,1435993759568,36.0
29964,1435993759587,36.0
29965,1435993759609,35.0
29966,1435993759628,35.0
29967,1435993759648,38.0
29968,1435993759670,38.0
29969,1435993759689,36.0
29970,1435993759709,36.0
29971,1435993759728,31.0
29972,1435993759749,31.0
29973,1435993759771,27.0
29974,1435993759791,24.0
29975,1435993759809,24.0
29976,1435993759829,22.0
29977,1435993759851,22.0
29978,1435993759871,21.0
29979,1435993759889,21.0
29980,1435993759909,20.0
29981,1435993759931,20.0
29982,1435993759951,18.0
29983,1435993759971,18.0
29984,1435993759988,17.0
29985,1435993760011,15.0
29986,1435993760031,15.0
29987,1435993760052,13.0
29988,1435993760071,13.0
29989,1435993760105,12.0
29990,1435993760108,12.0
29991,1435993760128,12.0
29992,1435993760148,12.0
29993,1435993760206,12.0
29994,1435993760210,12.0
29995,1435993760211,11.0
29996,1435993760242,12.0
29997,1435993760262,12.0
29998,1435993760274,15.0
29999,1435993760291,15.0
30000,1435993760308,19.0
30001,1435993760328,19.0
30002,1435993760348,27.0
30003,1435993760375,27.0
30004,1435993760388,43.0
30005,1435993760429,43.0
30006,1435993760430,64.0
30007,1435993760475,80.0
30008,1435993760476,80.0
30009,1435993760489,87.0
30010,1435993760514,87.0
30011,1435993760529,79.0
30012,1435993760551,79.0
30013,1435993760571,68.0
30014,1435993760591,68.0
30015,1435993760609,60.0
30016,1435993760630,60.0
30017,1435993760652,55.0
30018,1435993760672,48.0
30019,1435993760692,48.0
30020,1435993760709,44.0
30021,1435993760729,44.0
30022,1435993760779,42.0
30023,1435993760780,42.0
30024,1435993760790,38.0
30025,1435993760809,38.0
30026,1435993760831,35.0
30027,1435993760852,35.0
30028,1435993760870,35.0
30029,1435993760890,36.0
30030,1435993760910,36.0
30031,1435993760930,33.0
30032,1435993760952,33.0
30033,1435993760971,28.0
30034,1435993760990,28.0
30035,1435993761018,24.0
30036,1435993761074,24.0
30037,1435993761075,22.0
30038,1435993761076,22.0
30039,1435993761093,19.0
30040,1435993761109,18.0
30041,1435993761129,18.0
30042,1435993761149,17.0
30043,1435993761169,17.0
30044,1435993761190,15.0
30045,1435993761215,15.0
30046,1435993761229,13.0
30047,1435993761250,13.0
30048,1435993761270,12.0
30049,1435993761291,12.0
30050,1435993761310,11.0
30051,1435993761331,11.0
30052,1435993761352,11.0
30053,1435993761371,11.0
30054,1435993761392,11.0
30055,1435993761409,10.0
30056,1435993761431,10.0
30057,1435993761450,10.0
30058,1435993761473,10.0
30059,1435993761492,12.0
30060,1435993761509,12.0
30061,1435993761534,16.0
30062,1435993761555,23.0
30063,1435993761572,23.0
30064,1435993761589,37.0
30065,1435993761609,37.0
30066,1435993761629,58.0
30067,1435993761656,58.0
30068,1435993761674,79.0
30069,1435993761695,79.0
30070,1435993761711,92.0
30071,1435993761732,92.0
30072,1435993761802,88.0
30073,1435993761803,75.0
30074,1435993761806,75.0
30075,1435993761812,62.0
30076,1435993761831,62.0
30077,1435993761851,57.0
30078,1435993761869,57.0
30079,1435993761894,51.0
30080,1435993761920,51.0
30081,1435993761933,45.0
30082,1435993761951,45.0
30083,1435993761970,43.0
30084,1435993761990,40.0
30085,1435993762012,40.0
30086,1435993762034,36.0
30087,1435993762052,36.0
30088,1435993762073,35.0
30089,1435993762094,35.0
30090,1435993762112,37.0
30091,1435993762133,37.0
30092,1435993762154,34.0
30093,1435993762172,34.0
30094,1435993762191,29.0
30095,1435993762214,25.0
30096,1435993762230,25.0
30097,1435993762255,22.0
30098,1435993762273,22.0
30099,1435993762294,20.0
30100,1435993762312,20.0
30101,1435993762333,18.0
30102,1435993762354,18.0
30103,1435993762373,17.0
30104,1435993762393,17.0
30105,1435993762413,16.0
30106,1435993762434,14.0
30107,1435993762452,14.0
30108,1435993762477,12.0
30109,1435993762561,12.0
30110,1435993762562,11.0
30111,1435993762563,11.0
30112,1435993762564,11.0
30113,1435993762572,11.0
30114,1435993762590,11.0
30115,1435993762610,11.0
30116,1435993762638,11.0
30117,1435993762650,11.0
30118,1435993762671,11.0
30119,1435993762690,12.0
30120,1435993762710,12.0
30121,1435993762732,15.0
30122,1435993762750,15.0
30123,1435993762770,21.0
30124,1435993762790,21.0
30125,1435993762814,31.0
30126,1435993762834,31.0
30127,1435993762854,49.0
30128,1435993762874,71.0
30129,1435993762894,71.0
30130,1435993762912,90.0
30131,1435993762935,90.0
30132,1435993762954,91.0
30133,1435993762974,91.0
30134,1435993762994,78.0
30135,1435993763013,78.0
30136,1435993763033,66.0
30137,1435993763053,66.0
30138,1435993763074,56.0
30139,1435993763094,51.0
30140,1435993763114,51.0
30141,1435993763134,46.0
30142,1435993763153,46.0
30143,1435993763181,42.0
30144,1435993763284,42.0
30145,1435993763295,38.0
30146,1435993763296,38.0
30147,1435993763297,36.0
30148,1435993763298,36.0
30149,1435993763299,36.0
30150,1435993763311,38.0
30151,1435993763331,38.0
30152,1435993763353,35.0
30153,1435993763374,35.0
30154,1435993763394,30.0
30155,1435993763411,30.0
30156,1435993763432,26.0
30157,1435993763451,26.0
30158,1435993763471,24.0
30159,1435993763494,24.0
30160,1435993763513,22.0
30161,1435993763534,20.0
30162,1435993763555,20.0
30163,1435993763574,19.0
30164,1435993763594,19.0
30165,1435993763614,18.0
30166,1435993763634,18.0
30167,1435993763654,16.0
30168,1435993763673,16.0
30169,1435993763695,15.0
30170,1435993763715,15.0
30171,1435993763734,13.0
30172,1435993763755,12.0
30173,1435993763775,12.0
30174,1435993763794,12.0
30175,1435993763814,12.0
30176,1435993763835,12.0
30177,1435993763854,12.0
30178,1435993763875,12.0
30179,1435993763894,12.0
30180,1435993763914,14.0
30181,1435993763942,14.0
30182,1435993764012,17.0
30183,1435993764013,23.0
30184,1435993764014,23.0
30185,1435993764015,34.0
30186,1435993764034,34.0
30187,1435993764054,53.0
30188,1435993764072,53.0
30189,1435993764092,75.0
30190,1435993764116,75.0
30191,1435993764133,91.0
30192,1435993764153,91.0
30193,1435993764172,91.0
30194,1435993764192,79.0
30195,1435993764213,79.0
30196,1435993764247,67.0
30197,1435993764268,67.0
30198,1435993764272,58.0
30199,1435993764292,58.0
30200,1435993764312,52.0
30201,1435993764332,52.0
30202,1435993764352,46.0
30203,1435993764373,46.0
30204,1435993764392,43.0
30205,1435993764412,39.0
30206,1435993764432,39.0
30207,1435993764452,36.0
30208,1435993764472,36.0
30209,1435993764507,36.0
30210,1435993764526,36.0
30211,1435993764550,37.0
30212,1435993764569,37.0
30213,1435993764572,35.0
30214,1435993764592,35.0
30215,1435993764612,31.0
30216,1435993764633,27.0
30217,1435993764652,27.0
30218,1435993764672,24.0
30219,1435993764704,24.0
30220,1435993764716,22.0
30221,1435993764732,22.0
30222,1435993764753,21.0
30223,1435993764772,21.0
30224,1435993764794,19.0
30225,1435993764814,19.0
30226,1435993764831,18.0
30227,1435993764853,17.0
30228,1435993764872,17.0
30229,1435993764897,15.0
30230,1435993764916,15.0
30231,1435993764936,14.0
30232,1435993764956,14.0
30233,1435993764976,12.0
30234,1435993764996,12.0
30235,1435993765017,13.0
30236,1435993765036,13.0
30237,1435993765057,13.0
30238,1435993765076,14.0
30239,1435993765093,14.0
30240,1435993765117,15.0
30241,1435993765137,15.0
30242,1435993765156,19.0
30243,1435993765177,19.0
30244,1435993765196,22.0
30245,1435993765215,22.0
30246,1435993765233,28.0
30247,1435993765254,28.0
30248,1435993765276,38.0
30249,1435993765293,55.0
30250,1435993765317,55.0
30251,1435993765337,74.0
30252,1435993765354,74.0
30253,1435993765374,86.0
30254,1435993765430,86.0
30255,1435993765431,80.0
30256,1435993765444,80.0
30257,1435993765454,68.0
30258,1435993765474,68.0
30259,1435993765494,59.0
30260,1435993765513,51.0
30261,1435993765538,51.0
30262,1435993765555,45.0
30263,1435993765574,45.0
30264,1435993765594,40.0
30265,1435993765614,40.0
30266,1435993765635,37.0
30267,1435993765655,37.0
30268,1435993765674,36.0
30269,1435993765696,36.0
30270,1435993765716,36.0
30271,1435993765736,38.0
30272,1435993765757,38.0
30273,1435993765776,39.0
30274,1435993765796,39.0
30275,1435993765816,35.0
30276,1435993765834,35.0
30277,1435993765855,31.0
30278,1435993765877,31.0
30279,1435993765896,29.0
30280,1435993765916,29.0
30281,1435993765936,27.0
30282,1435993765957,25.0
30283,1435993765977,25.0
30284,1435993765997,24.0
30285,1435993766017,24.0
30286,1435993766036,23.0
30287,1435993766066,23.0
30288,1435993766074,22.0
30289,1435993766094,22.0
30290,1435993766114,20.0
30291,1435993766143,20.0
30292,1435993766160,18.0
30293,1435993766174,15.0
30294,1435993766196,15.0
30295,1435993766214,14.0
30296,1435993766239,14.0
30297,1435993766255,14.0
30298,1435993766276,14.0
30299,1435993766294,15.0
30300,1435993766314,15.0
30301,1435993766335,16.0
30302,1435993766364,16.0
30303,1435993766375,18.0
30304,1435993766398,22.0
30305,1435993766418,22.0
30306,1435993766437,27.0
30307,1435993766457,27.0
30308,1435993766477,34.0
30309,1435993766497,34.0
30310,1435993766518,48.0
30311,1435993766538,48.0
30312,1435993766557,66.0
30313,1435993766578,66.0
30314,1435993766594,82.0
30315,1435993766617,89.0
30316,1435993766636,89.0
30317,1435993766655,79.0
30318,1435993766675,79.0
30319,1435993766697,69.0
30320,1435993766718,69.0
30321,1435993766737,61.0
30322,1435993766757,61.0
30323,1435993766776,56.0
30324,1435993766796,56.0
30325,1435993766816,48.0
30326,1435993766836,43.0
30327,1435993766854,43.0
30328,1435993766928,42.0
30329,1435993766929,42.0
30330,1435993766930,40.0
30331,1435993766939,40.0
30332,1435993766956,39.0
30333,1435993766977,39.0
30334,1435993766994,39.0
30335,1435993767018,39.0
30336,1435993767035,40.0
30337,1435993767055,37.0
30338,1435993767075,37.0
30339,1435993767096,33.0
30340,1435993767116,33.0
30341,1435993767138,30.0
30342,1435993767158,30.0
30343,1435993767178,28.0
30344,1435993767197,28.0
30345,1435993767215,27.0
30346,1435993767242,27.0
30347,1435993767255,25.0
30348,1435993767277,24.0
30349,1435993767295,24.0
30350,1435993767315,24.0
30351,1435993767338,24.0
30352,1435993767358,23.0
30353,1435993767378,23.0
30354,1435993767398,21.0
30355,1435993767416,21.0
30356,1435993767437,18.0
30357,1435993767458,18.0
30358,1435993767478,16.0
30359,1435993767498,16.0
30360,1435993767517,16.0
30361,1435993767536,16.0
30362,1435993767557,16.0
30363,1435993767576,17.0
30364,1435993767595,17.0
30365,1435993767652,20.0
30366,1435993767666,20.0
30367,1435993767667,24.0
30368,1435993767675,24.0
30369,1435993767695,28.0
30370,1435993767715,36.0
30371,1435993767735,36.0
30372,1435993767757,52.0
30373,1435993767775,52.0
30374,1435993767796,71.0
30375,1435993767819,71.0
30376,1435993767836,88.0
30377,1435993767857,88.0
30378,1435993767877,90.0
30379,1435993767898,90.0
30380,1435993767919,78.0
30381,1435993767939,65.0
30382,1435993767959,65.0
30383,1435993767979,57.0
30384,1435993767998,57.0
30385,1435993768019,50.0
30386,1435993768038,50.0
30387,1435993768056,43.0
30388,1435993768078,43.0
30389,1435993768099,40.0
30390,1435993768119,40.0
30391,1435993768139,39.0
30392,1435993768158,37.0
30393,1435993768178,37.0
30394,1435993768202,37.0
30395,1435993768221,37.0
30396,1435993768247,39.0
30397,1435993768259,39.0
30398,1435993768277,39.0
30399,1435993768297,39.0
30400,1435993768316,35.0
30401,1435993768336,35.0
30402,1435993768390,31.0
30403,1435993768391,29.0
30404,1435993768407,29.0
30405,1435993768416,27.0
30406,1435993768436,27.0
30407,1435993768456,26.0
30408,1435993768476,26.0
30409,1435993768496,25.0
30410,1435993768516,25.0
30411,1435993768537,24.0
30412,1435993768562,24.0
30413,1435993768577,23.0
30414,1435993768599,21.0
30415,1435993768616,21.0
30416,1435993768637,19.0
30417,1435993768658,19.0
30418,1435993768677,17.0
30419,1435993768699,17.0
30420,1435993768719,17.0
30421,1435993768739,17.0
30422,1435993768759,17.0
30423,1435993768779,17.0
30424,1435993768798,17.0
30425,1435993768820,18.0
30426,1435993768839,18.0
30427,1435993768870,20.0
30428,1435993768876,20.0
30429,1435993768897,23.0
30430,1435993768917,23.0
30431,1435993768936,27.0
30432,1435993768957,27.0
30433,1435993768977,35.0
30434,1435993768997,35.0
30435,1435993769018,50.0
30436,1435993769036,72.0
30437,1435993769057,72.0
30438,1435993769108,90.0
30439,1435993769109,90.0
30440,1435993769120,88.0
30441,1435993769140,88.0
30442,1435993769156,74.0
30443,1435993769178,74.0
30444,1435993769197,61.0
30445,1435993769218,61.0
30446,1435993769237,53.0
30447,1435993769265,46.0
30448,1435993769292,46.0
30449,1435993769303,40.0
30450,1435993769321,40.0
30451,1435993769337,39.0
30452,1435993769356,39.0
30453,1435993769377,37.0
30454,1435993769397,37.0
30455,1435993769416,36.0
30456,1435993769436,36.0
30457,1435993769456,38.0
30458,1435993769477,42.0
30459,1435993769497,42.0
30460,1435993769517,40.0
30461,1435993769537,40.0
30462,1435993769557,35.0
30463,1435993769576,35.0
30464,1435993769596,30.0
30465,1435993769616,30.0
30466,1435993769636,28.0
30467,1435993769656,28.0
30468,1435993769677,26.0
30469,1435993769696,24.0
30470,1435993769717,24.0
30471,1435993769737,23.0
30472,1435993769757,23.0
30473,1435993769776,23.0
30474,1435993769797,23.0
30475,1435993769817,22.0
30476,1435993769837,22.0
30477,1435993769856,21.0
30478,1435993769876,21.0
30479,1435993769897,20.0
30480,1435993769917,19.0
30481,1435993769938,19.0
30482,1435993769958,19.0
30483,1435993769978,19.0
30484,1435993769997,20.0
30485,1435993770017,20.0
30486,1435993770037,20.0
30487,1435993770057,20.0
30488,1435993770077,20.0
30489,1435993770097,20.0
30490,1435993770117,22.0
30491,1435993770137,25.0
30492,1435993770157,25.0
30493,1435993770177,28.0
30494,1435993770197,28.0
30495,1435993770218,32.0
30496,1435993770240,32.0
30497,1435993770260,40.0
30498,1435993770280,40.0
30499,1435993770297,57.0
30500,1435993770318,57.0
30501,1435993770337,76.0
30502,1435993770357,80.0
30503,1435993770377,80.0
30504,1435993770397,66.0
30505,1435993770421,66.0
30506,1435993770437,51.0
30507,1435993770458,51.0
30508,1435993770507,45.0
30509,1435993770508,45.0
30510,1435993770519,40.0
30511,1435993770541,40.0
30512,1435993770558,38.0
30513,1435993770578,36.0
30514,1435993770598,36.0
30515,1435993770618,34.0
30516,1435993770639,34.0
30517,1435993770658,35.0
30518,1435993770684,35.0
30519,1435993770698,37.0
30520,1435993770719,37.0
30521,1435993770738,41.0
30522,1435993770780,41.0
30523,1435993770781,39.0
30524,1435993770798,34.0
30525,1435993770818,34.0
30526,1435993770839,30.0
30527,1435993770859,30.0
30528,1435993770879,27.0
30529,1435993770899,27.0
30530,1435993770918,26.0
30531,1435993770939,26.0
30532,1435993770959,25.0
30533,1435993770979,25.0
30534,1435993770999,24.0
30535,1435993771018,23.0
30536,1435993771039,23.0
30537,1435993771059,22.0
30538,1435993771079,22.0
30539,1435993771100,21.0
30540,1435993771119,21.0
30541,1435993771140,20.0
30542,1435993771159,20.0
30543,1435993771179,18.0
30544,1435993771231,18.0
30545,1435993771232,18.0
30546,1435993771251,18.0
30547,1435993771258,18.0
30548,1435993771286,19.0
30549,1435993771298,19.0
30550,1435993771319,19.0
30551,1435993771342,19.0
30552,1435993771359,21.0
30553,1435993771379,21.0
30554,1435993771400,24.0
30555,1435993771419,24.0
30556,1435993771438,28.0
30557,1435993771461,33.0
30558,1435993771478,33.0
30559,1435993771498,41.0
30560,1435993771518,41.0
30561,1435993771538,54.0
30562,1435993771558,54.0
30563,1435993771578,72.0
30564,1435993771598,72.0
30565,1435993771619,77.0
30566,1435993771639,77.0
30567,1435993771660,65.0
30568,1435993771679,54.0
30569,1435993771699,54.0
30570,1435993771718,48.0
30571,1435993771738,48.0
30572,1435993771758,44.0
30573,1435993771778,44.0
30574,1435993771798,40.0
30575,1435993771818,40.0
30576,1435993771838,38.0
30577,1435993771858,38.0
30578,1435993771878,36.0
30579,1435993771898,36.0
30580,1435993771919,36.0
30581,1435993771939,38.0
30582,1435993771963,38.0
30583,1435993771979,41.0
30584,1435993771999,41.0
30585,1435993772019,41.0
30586,1435993772039,41.0
30587,1435993772059,37.0
30588,1435993772079,37.0
30589,1435993772111,32.0
30590,1435993772119,30.0
30591,1435993772144,30.0
30592,1435993772159,28.0
30593,1435993772179,28.0
30594,1435993772199,26.0
30595,1435993772219,26.0
30596,1435993772239,25.0
30597,1435993772259,25.0
30598,1435993772279,24.0
30599,1435993772299,24.0
30600,1435993772319,23.0
30601,1435993772339,22.0
30602,1435993772359,22.0
30603,1435993772379,21.0
30604,1435993772406,21.0
30605,1435993772420,19.0
30606,1435993772440,19.0
30607,1435993772460,19.0
30608,1435993772479,19.0
30609,1435993772499,20.0
30610,1435993772519,20.0
30611,1435993772539,20.0
30612,1435993772559,20.0
30613,1435993772579,20.0
30614,1435993772603,20.0
30615,1435993772623,20.0
30616,1435993772639,23.0
30617,1435993772660,23.0
30618,1435993772696,26.0
30619,1435993772701,26.0
30620,1435993772720,29.0
30621,1435993772740,29.0
30622,1435993772764,33.0
30623,1435993772783,42.0
30624,1435993772801,42.0
30625,1435993772820,56.0
30626,1435993772843,56.0
30627,1435993772863,68.0
30628,1435993772883,68.0
30629,1435993772901,62.0
30630,1435993772924,62.0
30631,1435993772944,50.0
30632,1435993772963,50.0
30633,1435993772984,42.0
30634,1435993773005,38.0
30635,1435993773023,38.0
30636,1435993773042,36.0
30637,1435993773061,36.0
30638,1435993773084,34.0
30639,1435993773104,34.0
30640,1435993773124,33.0
30641,1435993773142,33.0
30642,1435993773164,33.0
30643,1435993773184,33.0
30644,1435993773204,35.0
30645,1435993773222,38.0
30646,1435993773247,38.0
30647,1435993773269,41.0
30648,1435993773285,41.0
30649,1435993773303,38.0
30650,1435993773324,38.0
30651,1435993773379,33.0
30652,1435993773392,33.0
30653,1435993773393,30.0
30654,1435993773401,30.0
30655,1435993773428,28.0
30656,1435993773442,26.0
30657,1435993773462,26.0
30658,1435993773484,25.0
30659,1435993773501,25.0
30660,1435993773524,24.0
30661,1435993773542,24.0
30662,1435993773564,24.0
30663,1435993773581,24.0
30664,1435993773604,23.0
30665,1435993773624,23.0
30666,1435993773644,21.0
30667,1435993773665,20.0
30668,1435993773683,20.0
30669,1435993773704,20.0
30670,1435993773723,20.0
30671,1435993773744,20.0
30672,1435993773764,20.0
30673,1435993773781,20.0
30674,1435993773804,20.0
30675,1435993773822,20.0
30676,1435993773841,20.0
30677,1435993773861,21.0
30678,1435993773883,23.0
30679,1435993773904,23.0
30680,1435993773927,26.0
30681,1435993773943,26.0
30682,1435993773961,30.0
30683,1435993773982,30.0
30684,1435993774001,35.0
30685,1435993774024,35.0
30686,1435993774042,46.0
30687,1435993774100,46.0
30688,1435993774113,60.0
30689,1435993774114,63.0
30690,1435993774122,63.0
30691,1435993774145,53.0
30692,1435993774165,53.0
30693,1435993774182,45.0
30694,1435993774203,45.0
30695,1435993774228,39.0
30696,1435993774267,39.0
30697,1435993774268,36.0
30698,1435993774285,36.0
30699,1435993774304,33.0
30700,1435993774324,32.0
30701,1435993774345,32.0
30702,1435993774365,32.0
30703,1435993774385,32.0
30704,1435993774405,32.0
30705,1435993774425,32.0
30706,1435993774445,34.0
30707,1435993774465,34.0
30708,1435993774485,37.0
30709,1435993774505,37.0
30710,1435993774522,37.0
30711,1435993774542,33.0
30712,1435993774562,33.0
30713,1435993774582,29.0
30714,1435993774602,29.0
30715,1435993774624,27.0
30716,1435993774647,27.0
30717,1435993774666,25.0
30718,1435993774687,25.0
30719,1435993774705,24.0
30720,1435993774724,24.0
30721,1435993774743,23.0
30722,1435993774764,22.0
30723,1435993774784,22.0
30724,1435993774802,21.0
30725,1435993774854,21.0
30726,1435993774855,20.0
30727,1435993774874,20.0
30728,1435993774882,19.0
30729,1435993774910,19.0
30730,1435993774924,18.0
30731,1435993774944,18.0
30732,1435993774965,19.0
30733,1435993774984,19.0
30734,1435993775005,19.0
30735,1435993775023,18.0
30736,1435993775045,18.0
30737,1435993775065,18.0
30738,1435993775085,18.0
30739,1435993775105,20.0
30740,1435993775126,20.0
30741,1435993775146,22.0
30742,1435993775166,22.0
30743,1435993775189,26.0
30744,1435993775204,30.0
30745,1435993775223,30.0
30746,1435993775247,35.0
30747,1435993775263,35.0
30748,1435993775285,46.0
30749,1435993775302,46.0
30750,1435993775322,59.0
30751,1435993775343,59.0
30752,1435993775367,60.0
30753,1435993775388,60.0
30754,1435993775408,48.0
30755,1435993775425,40.0
30756,1435993775442,40.0
30757,1435993775464,35.0
30758,1435993775482,35.0
30759,1435993775505,33.0
30760,1435993775523,33.0
30761,1435993775580,31.0
30762,1435993775593,31.0
30763,1435993775594,30.0
30764,1435993775603,30.0
30765,1435993775624,30.0
30766,1435993775644,30.0
30767,1435993775664,30.0
30768,1435993775687,32.0
30769,1435993775704,32.0
30770,1435993775724,36.0
30771,1435993775744,36.0
30772,1435993775765,36.0
30773,1435993775785,36.0
30774,1435993775806,32.0
30775,1435993775826,32.0
30776,1435993775846,28.0
30777,1435993775866,26.0
30778,1435993775886,26.0
30779,1435993775906,24.0
30780,1435993775926,24.0
30781,1435993775946,23.0
30782,1435993775966,23.0
30783,1435993775985,22.0
30784,1435993776007,22.0
30785,1435993776026,21.0
30786,1435993776046,21.0
30787,1435993776066,21.0
30788,1435993776087,20.0
30789,1435993776106,20.0
30790,1435993776127,18.0
30791,1435993776146,18.0
30792,1435993776167,17.0
30793,1435993776189,17.0
30794,1435993776205,17.0
30795,1435993776224,17.0
30796,1435993776333,16.0
30797,1435993776334,16.0
30798,1435993776335,16.0
30799,1435993776336,17.0
30800,1435993776337,17.0
30801,1435993776348,19.0
30802,1435993776374,19.0
30803,1435993776385,22.0
30804,1435993776415,22.0
30805,1435993776425,26.0
30806,1435993776444,26.0
30807,1435993776465,30.0
30808,1435993776486,30.0
30809,1435993776507,37.0
30810,1435993776524,47.0
30811,1435993776548,47.0
30812,1435993776567,57.0
30813,1435993776587,57.0
30814,1435993776607,54.0
30815,1435993776628,54.0
30816,1435993776647,44.0
30817,1435993776667,44.0
30818,1435993776687,37.0
30819,1435993776705,37.0
30820,1435993776727,35.0
30821,1435993776747,33.0
30822,1435993776767,33.0
30823,1435993776787,32.0
30824,1435993776806,32.0
30825,1435993776826,31.0
30826,1435993776847,31.0
30827,1435993776868,30.0
30828,1435993776888,30.0
30829,1435993776906,30.0
30830,1435993776926,30.0
30831,1435993776947,31.0
30832,1435993776974,34.0
30833,1435993777045,34.0
30834,1435993777046,34.0
30835,1435993777047,34.0
30836,1435993777048,30.0
30837,1435993777065,30.0
30838,1435993777085,28.0
30839,1435993777105,28.0
30840,1435993777125,25.0
30841,1435993777146,25.0
30842,1435993777165,24.0
30843,1435993777188,23.0
30844,1435993777211,23.0
30845,1435993777229,22.0
30846,1435993777244,22.0
30847,1435993777267,21.0
30848,1435993777285,21.0
30849,1435993777304,21.0
30850,1435993777324,21.0
30851,1435993777345,20.0
30852,1435993777366,20.0
30853,1435993777387,18.0
30854,1435993777409,17.0
30855,1435993777429,17.0
30856,1435993777445,16.0
30857,1435993777468,16.0
30858,1435993777487,16.0
30859,1435993777508,16.0
30860,1435993777527,16.0
30861,1435993777548,16.0
30862,1435993777568,18.0
30863,1435993777588,18.0
30864,1435993777606,20.0
30865,1435993777628,22.0
30866,1435993777648,22.0
30867,1435993777669,26.0
30868,1435993777689,26.0
30869,1435993777711,31.0
30870,1435993777778,31.0
30871,1435993777779,37.0
30872,1435993777780,37.0
30873,1435993777788,46.0
30874,1435993777807,46.0
30875,1435993777826,55.0
30876,1435993777845,51.0
30877,1435993777866,51.0
30878,1435993777885,43.0
30879,1435993777908,43.0
30880,1435993777926,38.0
30881,1435993777948,38.0
30882,1435993777967,35.0
30883,1435993777988,35.0
30884,1435993778008,33.0
30885,1435993778029,33.0
30886,1435993778048,32.0
30887,1435993778068,31.0
30888,1435993778088,31.0
30889,1435993778108,31.0
30890,1435993778129,31.0
30891,1435993778149,31.0
30892,1435993778166,31.0
30893,1435993778191,31.0
30894,1435993778206,31.0
30895,1435993778228,33.0
30896,1435993778252,33.0
30897,1435993778266,34.0
30898,1435993778285,32.0
30899,1435993778310,32.0
30900,1435993778329,29.0
30901,1435993778345,29.0
30902,1435993778365,27.0
30903,1435993778385,27.0
30904,1435993778407,25.0
30905,1435993778427,25.0
30906,1435993778480,23.0
30907,1435993778481,23.0
30908,1435993778496,22.0
30909,1435993778505,21.0
30910,1435993778530,21.0
30911,1435993778546,21.0
30912,1435993778566,21.0
30913,1435993778588,20.0
30914,1435993778608,20.0
30915,1435993778626,19.0
30916,1435993778646,19.0
30917,1435993778666,17.0
30918,1435993778687,17.0
30919,1435993778709,16.0
30920,1435993778729,16.0
30921,1435993778749,16.0
30922,1435993778769,16.0
30923,1435993778789,16.0
30924,1435993778809,16.0
30925,1435993778829,16.0
30926,1435993778850,17.0
30927,1435993778869,17.0
30928,1435993778887,19.0
30929,1435993778906,19.0
30930,1435993778927,21.0
30931,1435993778946,25.0
30932,1435993778967,25.0
30933,1435993778989,29.0
30934,1435993779012,29.0
30935,1435993779029,35.0
30936,1435993779049,35.0
30937,1435993779066,42.0
30938,1435993779087,42.0
30939,1435993779107,46.0
30940,1435993779128,46.0
30941,1435993779148,43.0
30942,1435993779207,39.0
30943,1435993779211,39.0
30944,1435993779214,36.0
30945,1435993779248,36.0
30946,1435993779253,35.0
30947,1435993779277,35.0
30948,1435993779294,33.0
30949,1435993779308,33.0
30950,1435993779327,31.0
30951,1435993779349,31.0
30952,1435993779367,30.0
30953,1435993779389,30.0
30954,1435993779408,30.0
30955,1435993779428,29.0
30956,1435993779450,29.0
30957,1435993779470,30.0
30958,1435993779490,30.0
30959,1435993779509,32.0
30960,1435993779530,32.0
30961,1435993779550,34.0
30962,1435993779570,34.0
30963,1435993779590,33.0
30964,1435993779609,29.0
30965,1435993779629,29.0
30966,1435993779648,26.0
30967,1435993779670,26.0
30968,1435993779687,24.0
30969,1435993779708,24.0
30970,1435993779729,22.0
30971,1435993779749,22.0
30972,1435993779770,21.0
30973,1435993779789,21.0
30974,1435993779809,20.0
30975,1435993779829,19.0
30976,1435993779849,19.0
30977,1435993779869,18.0
30978,1435993779889,18.0
30979,1435993779914,17.0
30980,1435993779969,17.0
30981,1435993779970,17.0
30982,1435993779971,17.0
30983,1435993779991,16.0
30984,1435993780009,16.0
30985,1435993780027,15.0
30986,1435993780047,15.0
30987,1435993780067,15.0
30988,1435993780089,15.0
30989,1435993780108,15.0
30990,1435993780128,14.0
30991,1435993780147,14.0
30992,1435993780169,14.0
30993,1435993780189,14.0
30994,1435993780210,16.0
30995,1435993780227,16.0
30996,1435993780251,18.0
30997,1435993780268,23.0
30998,1435993780290,23.0
30999,1435993780308,27.0
31000,1435993780331,27.0
31001,1435993780349,33.0
31002,1435993780370,33.0
31003,1435993780388,40.0
31004,1435993780411,40.0
31005,1435993780429,46.0
31006,1435993780449,46.0
31007,1435993780468,44.0
31008,1435993780491,38.0
31009,1435993780509,38.0
31010,1435993780531,35.0
31011,1435993780551,35.0
31012,1435993780569,33.0
31013,1435993780589,33.0
31014,1435993780609,31.0
31015,1435993780629,31.0
31016,1435993780654,30.0
31017,1435993780729,29.0
31018,1435993780730,29.0
31019,1435993780731,29.0
31020,1435993780732,29.0
31021,1435993780749,29.0
31022,1435993780788,29.0
31023,1435993780789,30.0
31024,1435993780808,30.0
31025,1435993780829,33.0
31026,1435993780849,33.0
31027,1435993780870,34.0
31028,1435993780889,30.0
31029,1435993780908,30.0
31030,1435993780929,26.0
31031,1435993780949,26.0
31032,1435993780971,23.0
31033,1435993780991,23.0
31034,1435993781011,21.0
31035,1435993781031,21.0
31036,1435993781049,20.0
31037,1435993781071,20.0
31038,1435993781091,19.0
31039,1435993781110,18.0
31040,1435993781130,18.0
31041,1435993781151,17.0
31042,1435993781171,17.0
31043,1435993781190,16.0
31044,1435993781211,16.0
31045,1435993781230,15.0
31046,1435993781252,15.0
31047,1435993781271,14.0
31048,1435993781290,14.0
31049,1435993781310,14.0
31050,1435993781330,15.0
31051,1435993781351,15.0
31052,1435993781370,14.0
31053,1435993781433,14.0
31054,1435993781434,13.0
31055,1435993781435,13.0
31056,1435993781448,14.0
31057,1435993781469,14.0
31058,1435993781489,16.0
31059,1435993781508,16.0
31060,1435993781529,19.0
31061,1435993781549,24.0
31062,1435993781568,24.0
31063,1435993781589,28.0
31064,1435993781612,28.0
31065,1435993781630,33.0
31066,1435993781652,33.0
31067,1435993781669,37.0
31068,1435993781692,37.0
31069,1435993781708,39.0
31070,1435993781729,39.0
31071,1435993781752,36.0
31072,1435993781769,33.0
31073,1435993781792,33.0
31074,1435993781808,32.0
31075,1435993781831,32.0
31076,1435993781850,31.0
31077,1435993781870,31.0
31078,1435993781892,29.0
31079,1435993781909,29.0
31080,1435993781931,29.0
31081,1435993781952,29.0
31082,1435993781969,28.0
31083,1435993781990,27.0
31084,1435993782010,27.0
31085,1435993782031,27.0
31086,1435993782052,27.0
31087,1435993782071,28.0
31088,1435993782090,28.0
31089,1435993782119,32.0
31090,1435993782190,32.0
31091,1435993782191,32.0
31092,1435993782192,32.0
31093,1435993782193,28.0
31094,1435993782213,25.0
31095,1435993782230,25.0
31096,1435993782258,22.0
31097,1435993782269,22.0
31098,1435993782321,21.0
31099,1435993782322,21.0
31100,1435993782331,19.0
31101,1435993782350,19.0
31102,1435993782371,18.0
31103,1435993782393,18.0
31104,1435993782410,18.0
31105,1435993782433,17.0
31106,1435993782451,17.0
31107,1435993782473,16.0
31108,1435993782494,16.0
31109,1435993782510,14.0
31110,1435993782533,14.0
31111,1435993782553,13.0
31112,1435993782572,13.0
31113,1435993782596,14.0
31114,1435993782611,14.0
31115,1435993782632,13.0
31116,1435993782665,13.0
31117,1435993782669,13.0
31118,1435993782690,13.0
31119,1435993782710,13.0
31120,1435993782731,14.0
31121,1435993782750,14.0
31122,1435993782770,17.0
31123,1435993782790,17.0
31124,1435993782810,20.0
31125,1435993782831,20.0
31126,1435993782850,25.0
31127,1435993782872,30.0
31128,1435993782891,30.0
31129,1435993782910,34.0
31130,1435993782930,34.0
31131,1435993782950,38.0
31132,1435993782970,38.0
31133,1435993782990,37.0
31134,1435993783017,37.0
31135,1435993783030,34.0
31136,1435993783050,34.0
31137,1435993783069,32.0
31138,1435993783093,31.0
31139,1435993783113,31.0
31140,1435993783129,29.0
31141,1435993783153,29.0
31142,1435993783173,28.0
31143,1435993783193,28.0
31144,1435993783213,27.0
31145,1435993783233,27.0
31146,1435993783251,27.0
31147,1435993783274,27.0
31148,1435993783293,26.0
31149,1435993783313,26.0
31150,1435993783332,26.0
31151,1435993783351,26.0
31152,1435993783371,26.0
31153,1435993783393,29.0
31154,1435993783414,29.0
31155,1435993783433,32.0
31156,1435993783453,32.0
31157,1435993783471,30.0
31158,1435993783491,30.0
31159,1435993783511,26.0
31160,1435993783534,23.0
31161,1435993783550,23.0
31162,1435993783671,21.0
31163,1435993783672,21.0
31164,1435993783673,20.0
31165,1435993783674,20.0
31166,1435993783675,18.0
31167,1435993783676,18.0
31168,1435993783712,18.0
31169,1435993783713,18.0
31170,1435993783730,17.0
31171,1435993783756,16.0
31172,1435993783782,16.0
31173,1435993783793,15.0
31174,1435993783816,15.0
31175,1435993783831,14.0
31176,1435993783851,14.0
31177,1435993783874,13.0
31178,1435993783894,13.0
31179,1435993783914,12.0
31180,1435993783933,12.0
31181,1435993783954,12.0
31182,1435993783974,12.0
31183,1435993783995,12.0
31184,1435993784014,13.0
31185,1435993784034,13.0
31186,1435993784054,15.0
31187,1435993784074,15.0
31188,1435993784091,18.0
31189,1435993784111,18.0
31190,1435993784131,22.0
31191,1435993784156,22.0
31192,1435993784176,26.0
31193,1435993784191,29.0
31194,1435993784214,29.0
31195,1435993784231,33.0
31196,1435993784255,33.0
31197,1435993784271,34.0
31198,1435993784295,34.0
31199,1435993784312,32.0
31200,1435993784364,32.0
31201,1435993784365,30.0
31202,1435993784379,30.0
31203,1435993784392,29.0
31204,1435993784415,28.0
31205,1435993784433,28.0
31206,1435993784451,26.0
31207,1435993784475,26.0
31208,1435993784492,25.0
31209,1435993784513,25.0
31210,1435993784532,25.0
31211,1435993784555,25.0
31212,1435993784571,24.0
31213,1435993784595,24.0
31214,1435993784615,23.0
31215,1435993784635,23.0
31216,1435993784657,23.0
31217,1435993784671,26.0
31218,1435993784695,26.0
31219,1435993784715,29.0
31220,1435993784734,29.0
31221,1435993784756,27.0
31222,1435993784772,27.0
31223,1435993784795,24.0
31224,1435993784815,24.0
31225,1435993784835,22.0
31226,1435993784856,19.0
31227,1435993784875,19.0
31228,1435993784895,18.0
31229,1435993784913,18.0
31230,1435993784934,17.0
31231,1435993784956,17.0
31232,1435993784976,16.0
31233,1435993784995,16.0
31234,1435993785013,16.0
31235,1435993785041,16.0
31236,1435993785094,15.0
31237,1435993785095,15.0
31238,1435993785097,15.0
31239,1435993785114,14.0
31240,1435993785135,14.0
31241,1435993785155,13.0
31242,1435993785172,13.0
31243,1435993785194,13.0
31244,1435993785213,13.0
31245,1435993785237,12.0
31246,1435993785255,12.0
31247,1435993785274,12.0
31248,1435993785296,13.0
31249,1435993785315,13.0
31250,1435993785335,14.0
31251,1435993785355,14.0
31252,1435993785376,17.0
31253,1435993785395,17.0
31254,1435993785416,21.0
31255,1435993785435,21.0
31256,1435993785455,26.0
31257,1435993785475,26.0
31258,1435993785495,30.0
31259,1435993785514,33.0
31260,1435993785535,33.0
31261,1435993785556,32.0
31262,1435993785576,32.0
31263,1435993785596,31.0
31264,1435993785616,31.0
31265,1435993785635,29.0
31266,1435993785655,29.0
31267,1435993785676,28.0
31268,1435993785696,28.0
31269,1435993785716,27.0
31270,1435993785736,25.0
31271,1435993785754,25.0
31272,1435993785781,24.0
31273,1435993785837,24.0
31274,1435993785838,23.0
31275,1435993785839,23.0
31276,1435993785857,23.0
31277,1435993785874,23.0
31278,1435993785893,23.0
31279,1435993785913,23.0
31280,1435993785933,26.0
31281,1435993785953,31.0
31282,1435993785975,31.0
31283,1435993785993,30.0
31284,1435993786014,30.0
31285,1435993786036,26.0
31286,1435993786053,26.0
31287,1435993786076,22.0
31288,1435993786096,22.0
31289,1435993786116,19.0
31290,1435993786136,19.0
31291,1435993786156,17.0
31292,1435993786176,16.0
31293,1435993786196,16.0
31294,1435993786215,15.0
31295,1435993786239,15.0
31296,1435993786254,14.0
31297,1435993786278,14.0
31298,1435993786301,14.0
31299,1435993786318,14.0
31300,1435993786336,13.0
31301,1435993786354,13.0
31302,1435993786375,12.0
31303,1435993786393,12.0
31304,1435993786419,12.0
31305,1435993786440,11.0
31306,1435993786460,11.0
31307,1435993786475,11.0
31308,1435993786500,11.0
31309,1435993786575,10.0
31310,1435993786576,10.0
31311,1435993786577,10.0
31312,1435993786578,10.0
31313,1435993786595,11.0
31314,1435993786615,14.0
31315,1435993786633,14.0
31316,1435993786657,17.0
31317,1435993786684,17.0
31318,1435993786694,22.0
31319,1435993786720,22.0
31320,1435993786735,27.0
31321,1435993786757,27.0
31322,1435993786776,32.0
31323,1435993786797,32.0
31324,1435993786816,35.0
31325,1435993786837,33.0
31326,1435993786857,33.0
31327,1435993786877,30.0
31328,1435993786897,30.0
31329,1435993786917,28.0
31330,1435993786937,28.0
31331,1435993786955,26.0
31332,1435993786977,26.0
31333,1435993786997,24.0
31334,1435993787017,24.0
31335,1435993787035,23.0
31336,1435993787057,22.0
31337,1435993787077,22.0
31338,1435993787097,22.0
31339,1435993787117,22.0
31340,1435993787137,22.0
31341,1435993787157,22.0
31342,1435993787175,25.0
31343,1435993787195,25.0
31344,1435993787305,28.0
31345,1435993787306,28.0
31346,1435993787307,27.0
31347,1435993787308,22.0
31348,1435993787309,22.0
31349,1435993787339,19.0
31350,1435993787340,19.0
31351,1435993787371,17.0
31352,1435993787375,17.0
31353,1435993787394,15.0
31354,1435993787415,15.0
31355,1435993787435,14.0
31356,1435993787455,14.0
31357,1435993787475,13.0
31358,1435993787497,12.0
31359,1435993787518,12.0
31360,1435993787538,12.0
31361,1435993787557,12.0
31362,1435993787577,11.0
31363,1435993787598,11.0
31364,1435993787617,11.0
31365,1435993787638,11.0
31366,1435993787658,10.0
31367,1435993787677,10.0
31368,1435993787695,10.0
31369,1435993787717,9.0
31370,1435993787738,9.0
31371,1435993787755,9.0
31372,1435993787775,9.0
31373,1435993787796,10.0
31374,1435993787818,10.0
31375,1435993787839,11.0
31376,1435993787859,11.0
31377,1435993787878,14.0
31378,1435993787908,14.0
31379,1435993787915,18.0
31380,1435993787936,23.0
31381,1435993787955,23.0
31382,1435993787975,28.0
31383,1435993788006,28.0
31384,1435993788021,33.0
31385,1435993788035,33.0
31386,1435993788055,35.0
31387,1435993788075,35.0
31388,1435993788095,32.0
31389,1435993788115,32.0
31390,1435993788135,29.0
31391,1435993788155,26.0
31392,1435993788177,26.0
31393,1435993788198,25.0
31394,1435993788220,25.0
31395,1435993788242,23.0
31396,1435993788255,23.0
31397,1435993788277,22.0
31398,1435993788296,22.0
31399,1435993788319,21.0
31400,1435993788338,21.0
31401,1435993788358,21.0
31402,1435993788378,21.0
31403,1435993788398,21.0
31404,1435993788416,22.0
31405,1435993788438,22.0
31406,1435993788458,26.0
31407,1435993788478,26.0
31408,1435993788498,26.0
31409,1435993788517,26.0
31410,1435993788538,22.0
31411,1435993788558,22.0
31412,1435993788577,18.0
31413,1435993788599,16.0
31414,1435993788618,16.0
31415,1435993788636,14.0
31416,1435993788656,14.0
31417,1435993788677,13.0
31418,1435993788698,13.0
31419,1435993788808,12.0
31420,1435993788809,12.0
31421,1435993788810,11.0
31422,1435993788811,11.0
31423,1435993788812,10.0
31424,1435993788821,10.0
31425,1435993788836,10.0
31426,1435993788856,9.0
31427,1435993788876,9.0
31428,1435993788897,9.0
31429,1435993788918,9.0
31430,1435993788936,9.0
31431,1435993788959,9.0
31432,1435993788977,8.0
31433,1435993788996,8.0
31434,1435993789019,8.0
31435,1435993789040,8.0
31436,1435993789059,8.0
31437,1435993789079,9.0
31438,1435993789099,9.0
31439,1435993789119,12.0
31440,1435993789139,12.0
31441,1435993789159,16.0
31442,1435993789179,16.0
31443,1435993789204,21.0
31444,1435993789218,21.0
31445,1435993789246,27.0
31446,1435993789259,32.0
31447,1435993789277,32.0
31448,1435993789297,34.0
31449,1435993789316,34.0
31450,1435993789337,32.0
31451,1435993789357,32.0
31452,1435993789382,28.0
31453,1435993789399,28.0
31454,1435993789419,26.0
31455,1435993789437,26.0
31456,1435993789463,24.0
31457,1435993789536,22.0
31458,1435993789537,22.0
31459,1435993789538,21.0
31460,1435993789539,21.0
31461,1435993789557,20.0
31462,1435993789577,20.0
31463,1435993789596,19.0
31464,1435993789616,19.0
31465,1435993789638,19.0
31466,1435993789657,19.0
31467,1435993789677,21.0
31468,1435993789697,24.0
31469,1435993789718,24.0
31470,1435993789740,23.0
31471,1435993789760,23.0
31472,1435993789777,19.0
31473,1435993789797,19.0
31474,1435993789819,16.0
31475,1435993789839,16.0
31476,1435993789859,14.0
31477,1435993789880,14.0
31478,1435993789900,13.0
31479,1435993789919,11.0
31480,1435993789940,11.0
31481,1435993789960,11.0
31482,1435993789980,11.0
31483,1435993790000,10.0
31484,1435993790019,10.0
31485,1435993790039,9.0
31486,1435993790060,9.0
31487,1435993790080,9.0
31488,1435993790098,9.0
31489,1435993790119,8.0
31490,1435993790138,8.0
31491,1435993790158,8.0
31492,1435993790178,8.0
31493,1435993790301,8.0
31494,1435993790302,7.0
31495,1435993790303,7.0
31496,1435993790304,7.0
31497,1435993790305,7.0
31498,1435993790306,7.0
31499,1435993790317,7.0
31500,1435993790337,8.0
31501,1435993790357,10.0
31502,1435993790377,10.0
31503,1435993790399,14.0
31504,1435993790419,14.0
31505,1435993790439,19.0
31506,1435993790459,19.0
31507,1435993790478,23.0
31508,1435993790500,23.0
31509,1435993790519,28.0
31510,1435993790539,28.0
31511,1435993790560,31.0
31512,1435993790580,30.0
31513,1435993790600,30.0
31514,1435993790619,26.0
31515,1435993790640,26.0
31516,1435993790660,24.0
31517,1435993790679,24.0
31518,1435993790698,23.0
31519,1435993790721,23.0
31520,1435993790738,21.0
31521,1435993790758,21.0
31522,1435993790805,21.0
31523,1435993790806,20.0
31524,1435993790821,20.0
31525,1435993790842,19.0
31526,1435993790859,19.0
31527,1435993790878,18.0
31528,1435993790898,18.0
31529,1435993790921,19.0
31530,1435993790939,19.0
31531,1435993790961,22.0
31532,1435993791025,22.0
31533,1435993791026,22.0
31534,1435993791027,19.0
31535,1435993791038,19.0
31536,1435993791060,17.0
31537,1435993791077,17.0
31538,1435993791099,14.0
31539,1435993791119,14.0
31540,1435993791140,13.0
31541,1435993791160,13.0
31542,1435993791179,12.0
31543,1435993791198,12.0
31544,1435993791220,11.0
31545,1435993791243,10.0
31546,1435993791260,10.0
31547,1435993791278,9.0
31548,1435993791299,9.0
31549,1435993791321,8.0
31550,1435993791341,8.0
31551,1435993791361,8.0
31552,1435993791381,8.0
31553,1435993791401,8.0
31554,1435993791419,8.0
31555,1435993791441,8.0
31556,1435993791461,7.0
31557,1435993791479,7.0
31558,1435993791500,7.0
31559,1435993791520,7.0
31560,1435993791540,8.0
31561,1435993791561,8.0
31562,1435993791585,8.0
31563,1435993791599,8.0
31564,1435993791621,9.0
31565,1435993791639,9.0
31566,1435993791659,11.0
31567,1435993791681,13.0
31568,1435993791701,13.0
31569,1435993791750,13.0
31570,1435993791751,13.0
31571,1435993791766,12.0
31572,1435993791779,12.0
31573,1435993791801,12.0
31574,1435993791820,12.0
31575,1435993791841,12.0
31576,1435993791861,12.0
31577,1435993791880,12.0
31578,1435993791899,12.0
31579,1435993791919,12.0
31580,1435993791942,12.0
31581,1435993791962,12.0
31582,1435993791979,12.0
31583,1435993792002,12.0
31584,1435993792022,12.0
31585,1435993792039,12.0
31586,1435993792062,12.0
31587,1435993792082,12.0
31588,1435993792099,12.0
31589,1435993792122,12.0
31590,1435993792141,12.0
31591,1435993792161,12.0
31592,1435993792182,12.0
31593,1435993792202,12.0
31594,1435993792220,12.0
31595,1435993792243,12.0
31596,1435993792266,12.0
31597,1435993792284,13.0
31598,1435993792303,13.0
31599,1435993792322,13.0
31600,1435993792341,13.0
31601,1435993792361,13.0
31602,1435993792382,13.0
31603,1435993792400,13.0
31604,1435993792471,13.0
31605,1435993792472,13.0
31606,1435993792473,13.0
31607,1435993792490,13.0
31608,1435993792499,13.0
31609,1435993792521,13.0
31610,1435993792541,13.0
31611,1435993792559,13.0
31612,1435993792582,13.0
31613,1435993792600,13.0
31614,1435993792621,13.0
31615,1435993792640,13.0
31616,1435993792661,13.0
31617,1435993792679,13.0
31618,1435993792702,13.0
31619,1435993792722,13.0
31620,1435993792743,13.0
31621,1435993792762,13.0
31622,1435993792781,13.0
31623,1435993792802,13.0
31624,1435993792823,13.0
31625,1435993792841,13.0
31626,1435993792861,13.0
31627,1435993792883,13.0
31628,1435993792901,13.0
31629,1435993792919,13.0
31630,1435993792940,13.0
31631,1435993792960,13.0
31632,1435993792986,13.0
31633,1435993793005,13.0
31634,1435993793026,13.0
31635,1435993793043,13.0
31636,1435993793059,13.0
31637,1435993793079,13.0
31638,1435993793100,13.0
31639,1435993793123,13.0
31640,1435993793142,13.0
31641,1435993793198,13.0
31642,1435993793203,13.0
31643,1435993793206,13.0
31644,1435993793231,13.0
31645,1435993793245,13.0
31646,1435993793261,13.0
31647,1435993793287,13.0
31648,1435993793300,13.0
31649,1435993793320,13.0
31650,1435993793344,13.0
31651,1435993793360,13.0
31652,1435993793381,13.0
31653,1435993793400,13.0
31654,1435993793423,13.0
31655,1435993793444,13.0
31656,1435993793463,13.0
31657,1435993793483,13.0
31658,1435993793504,13.0
31659,1435993793523,13.0
31660,1435993793543,13.0
31661,1435993793564,13.0
31662,1435993793583,13.0
31663,1435993793600,13.0
31664,1435993793625,13.0
31665,1435993793640,13.0
31666,1435993793663,13.0
31667,1435993793683,13.0
31668,1435993793704,13.0
31669,1435993793722,13.0
31670,1435993793740,13.0
31671,1435993793760,13.0
31672,1435993793780,13.0
31673,1435993793800,13.0
31674,1435993793820,13.0
31675,1435993793840,13.0
31676,1435993793862,13.0
31677,1435993793944,13.0
31678,1435993793945,13.0
31679,1435993793946,13.0
31680,1435993793947,13.0
31681,1435993793964,13.0
31682,1435993793981,13.0
31683,1435993794001,13.0
31684,1435993794020,13.0
31685,1435993794041,13.0
31686,1435993794062,13.0
31687,1435993794084,13.0
31688,1435993794102,13.0
31689,1435993794121,13.0
31690,1435993794147,13.0
31691,1435993794163,13.0
31692,1435993794188,13.0
31693,1435993794204,13.0
31694,1435993794222,13.0
31695,1435993794251,13.0
31696,1435993794263,13.0
31697,1435993794284,13.0
31698,1435993794302,13.0
31699,1435993794324,13.0
31700,1435993794346,13.0
31701,1435993794361,13.0
31702,1435993794384,13.0
31703,1435993794405,13.0
31704,1435993794424,13.0
31705,1435993794444,13.0
31706,1435993794464,13.0
31707,1435993794483,13.0
31708,1435993794503,13.0
31709,1435993794522,13.0
31710,1435993794544,13.0
31711,1435993794565,13.0
31712,1435993794585,13.0
31713,1435993794604,13.0
31714,1435993794625,13.0
31715,1435993794722,13.0
31716,1435993794725,13.0
31717,1435993794726,13.0
31718,1435993794727,13.0
31719,1435993794728,13.0
31720,1435993794745,13.0
31721,1435993794762,13.0
31722,1435993794781,13.0
31723,1435993794806,13.0
31724,1435993794830,13.0
31725,1435993794843,13.0
31726,1435993794862,13.0
31727,1435993794882,13.0
31728,1435993794904,13.0
31729,1435993794926,13.0
31730,1435993794944,13.0
31731,1435993794965,13.0
31732,1435993794985,13.0
31733,1435993795005,13.0
31734,1435993795025,13.0
31735,1435993795045,13.0
31736,1435993795065,13.0
31737,1435993795085,13.0
31738,1435993795103,13.0
31739,1435993795123,13.0
31740,1435993795145,12.0
31741,1435993795165,12.0
31742,1435993795188,12.0
31743,1435993795206,12.0
31744,1435993795223,12.0
31745,1435993795246,12.0
31746,1435993795262,12.0
31747,1435993795282,12.0
31748,1435993795304,12.0
31749,1435993795325,12.0
31750,1435993795345,12.0
31751,1435993795365,12.0
31752,1435993795385,12.0
31753,1435993795449,12.0
31754,1435993795450,12.0
31755,1435993795451,12.0
31756,1435993795462,12.0
31757,1435993795485,12.0
31758,1435993795502,12.0
31759,1435993795523,12.0
31760,1435993795557,12.0
31761,1435993795564,12.0
31762,1435993795584,12.0
31763,1435993795603,12.0
31764,1435993795625,12.0
31765,1435993795642,12.0
31766,1435993795665,12.0
31767,1435993795685,12.0
31768,1435993795705,12.0
31769,1435993795725,12.0
31770,1435993795745,12.0
31771,1435993795765,12.0
31772,1435993795785,12.0
31773,1435993795805,12.0
31774,1435993795824,12.0
31775,1435993795846,12.0
31776,1435993795866,12.0
31777,1435993795886,12.0
31778,1435993795905,12.0
31779,1435993795926,12.0
31780,1435993795946,12.0
31781,1435993795965,12.0
31782,1435993795986,12.0
31783,1435993796006,12.0
31784,1435993796026,12.0
31785,1435993796046,12.0
31786,1435993796064,12.0
31787,1435993796092,12.0
31788,1435993796157,12.0
31789,1435993796158,12.0
31790,1435993796159,12.0
31791,1435993796166,12.0
31792,1435993796184,12.0
31793,1435993796212,12.0
31794,1435993796226,12.0
31795,1435993796247,12.0
31796,1435993796273,12.0
31797,1435993796286,12.0
31798,1435993796309,12.0
31799,1435993796324,12.0
31800,1435993796351,12.0
31801,1435993796364,12.0
31802,1435993796386,12.0
31803,1435993796406,12.0
31804,1435993796426,12.0
31805,1435993796446,12.0
31806,1435993796466,12.0
31807,1435993796486,12.0
31808,1435993796506,12.0
31809,1435993796526,12.0
31810,1435993796546,12.0
31811,1435993796566,12.0
31812,1435993796585,12.0
31813,1435993796606,12.0
31814,1435993796626,12.0
31815,1435993796646,12.0
31816,1435993796666,12.0
31817,1435993796686,12.0
31818,1435993796706,12.0
31819,1435993796727,12.0
31820,1435993796746,12.0
31821,1435993796766,12.0
31822,1435993796787,12.0
31823,1435993796805,12.0
31824,1435993796825,12.0
31825,1435993796852,12.0
31826,1435993796918,12.0
31827,1435993796919,12.0
31828,1435993796920,12.0
31829,1435993796930,12.0
31830,1435993796945,12.0
31831,1435993796965,12.0
31832,1435993796984,12.0
31833,1435993797004,12.0
31834,1435993797025,12.0
31835,1435993797046,12.0
31836,1435993797065,12.0
31837,1435993797085,12.0
31838,1435993797107,12.0
31839,1435993797127,12.0
31840,1435993797147,12.0
31841,1435993797167,12.0
31842,1435993797190,12.0
31843,1435993797206,12.0
31844,1435993797226,12.0
31845,1435993797251,12.0
31846,1435993797264,12.0
31847,1435993797285,12.0
31848,1435993797306,12.0
31849,1435993797326,12.0
31850,1435993797347,12.0
31851,1435993797366,12.0
31852,1435993797385,12.0
31853,1435993797405,12.0
31854,1435993797430,12.0
31855,1435993797447,12.0
31856,1435993797467,12.0
31857,1435993797487,12.0
31858,1435993797506,12.0
31859,1435993797525,12.0
31860,1435993797547,12.0
31861,1435993797565,12.0
31862,1435993797584,12.0
31863,1435993797646,12.0
31864,1435993797647,12.0
31865,1435993797648,12.0
31866,1435993797665,12.0
31867,1435993797685,12.0
31868,1435993797705,12.0
31869,1435993797725,12.0
31870,1435993797746,12.0
31871,1435993797765,12.0
31872,1435993797786,12.0
31873,1435993797806,12.0
31874,1435993797827,12.0
31875,1435993797847,12.0
31876,1435993797867,12.0
31877,1435993797887,12.0
31878,1435993797907,12.0
31879,1435993797928,12.0
31880,1435993797947,12.0
31881,1435993797967,12.0
31882,1435993797987,12.0
31883,1435993798007,12.0
31884,1435993798025,12.0
31885,1435993798047,12.0
31886,1435993798068,12.0
31887,1435993798086,12.0
31888,1435993798105,12.0
31889,1435993798126,12.0
31890,1435993798149,12.0
31891,1435993798169,12.0
31892,1435993798193,12.0
31893,1435993798205,12.0
31894,1435993798227,12.0
31895,1435993798251,12.0
31896,1435993798265,12.0
31897,1435993798286,12.0
31898,1435993798305,12.0
31899,1435993798372,12.0
31900,1435993798373,12.0
31901,1435993798374,12.0
31902,1435993798388,12.0
31903,1435993798405,12.0
31904,1435993798425,12.0
31905,1435993798445,12.0
31906,1435993798472,12.0
31907,1435993798485,12.0
31908,1435993798505,12.0
31909,1435993798526,12.0
31910,1435993798545,12.0
31911,1435993798565,12.0
31912,1435993798585,12.0
31913,1435993798605,12.0
31914,1435993798625,12.0
31915,1435993798645,12.0
31916,1435993798665,12.0
31917,1435993798685,12.0
31918,1435993798705,12.0
31919,1435993798733,12.0
31920,1435993798744,12.0
31921,1435993798764,12.0
31922,1435993798784,12.0
31923,1435993798804,12.0
31924,1435993798824,12.0
31925,1435993798844,12.0
31926,1435993798864,12.0
31927,1435993798884,12.0
31928,1435993798904,12.0
31929,1435993798924,12.0
31930,1435993798944,12.0
31931,1435993798964,12.0